-20 -1.72106e+175
-19.99 -1.15331e+175
-19.98 -7.73004e+174
-19.97 -5.18208e+174
-19.96 -3.47467e+174
-19.95 -2.33029e+174
-19.94 -1.56312e+174
-19.93 -1.04872e+174
-19.92 -7.03748e+173
-19.91 -4.72346e+173
-19.9 -3.17095e+173
-19.89 -2.12915e+173
-19.88 -1.42991e+173
-19.87 -9.60505e+172
-19.86 -6.45322e+172
-19.85 -4.3365e+172
-19.84 -2.91467e+172
-19.83 -1.95942e+172
-19.82 -1.3175e+172
-19.81 -8.86056e+171
-19.8 -5.96016e+171
-19.79 -4.00998e+171
-19.78 -2.69844e+171
-19.77 -1.81623e+171
-19.76 -1.22268e+171
-19.75 -8.23276e+170
-19.74 -5.54451e+170
-19.73 -3.7348e+170
-19.72 -2.51628e+170
-19.71 -1.69565e+170
-19.7 -1.14288e+170
-19.69 -7.70464e+169
-19.68 -5.19506e+169
-19.67 -3.50361e+169
-19.66 -2.36335e+169
-19.65 -1.5945e+169
-19.64 -1.076e+169
-19.63 -7.26245e+168
-19.62 -4.90277e+168
-19.61 -3.31045e+168
-19.6 -2.23573e+168
-19.59 -1.51021e+168
-19.58 -1.02034e+168
-19.57 -6.89503e+167
-19.56 -4.66031e+167
-19.55 -3.15051e+167
-19.54 -2.13027e+167
-19.53 -1.4407e+167
-19.52 -9.74539e+166
-19.51 -6.59344e+166
-19.5 -4.46182e+166
-19.49 -3.01994e+166
-19.48 -2.04443e+166
-19.47 -1.3843e+166
-19.46 -9.37514e+165
-19.45 -6.35055e+165
-19.44 -4.3026e+165
-19.43 -2.91567e+165
-19.42 -1.9762e+165
-19.41 -1.33971e+165
-19.4 -9.08404e+164
-19.39 -6.16074e+164
-19.38 -4.17901e+164
-19.37 -2.83531e+164
-19.36 -1.92404e+164
-19.35 -1.30592e+164
-19.34 -8.8655e+163
-19.33 -6.01973e+163
-19.32 -4.08826e+163
-19.31 -2.77707e+163
-19.3 -1.88678e+163
-19.29 -1.28216e+163
-19.28 -8.71465e+162
-19.27 -5.9244e+162
-19.26 -4.02834e+162
-19.25 -2.73965e+162
-19.24 -1.86359e+162
-19.23 -1.26792e+162
-19.22 -8.62819e+161
-19.21 -5.87266e+161
-19.2 -3.99794e+161
-19.19 -2.72223e+161
-19.18 -1.85396e+161
-19.17 -1.26288e+161
-19.16 -8.60423e+160
-19.15 -5.86337e+160
-19.14 -3.99641e+160
-19.13 -2.72445e+160
-19.12 -1.8577e+160
-19.11 -1.26694e+160
-19.1 -8.64225e+159
-19.09 -5.89635e+159
-19.08 -4.0237e+159
-19.07 -2.74635e+159
-19.06 -1.87487e+159
-19.05 -1.28019e+159
-19.04 -8.74309e+158
-19.03 -5.9723e+158
-19.02 -4.08042e+158
-19.01 -2.7884e+158
-19 -1.90586e+158
-18.99 -1.30291e+158
-18.98 -8.90892e+157
-18.97 -6.09288e+157
-18.96 -4.16779e+157
-18.95 -2.85152e+157
-18.94 -1.95134e+157
-18.93 -1.3356e+157
-18.92 -9.14341e+156
-18.91 -6.26074e+156
-18.9 -4.28776e+156
-18.89 -2.93711e+156
-18.88 -2.01233e+156
-18.87 -1.379e+156
-18.86 -9.45179e+155
-18.85 -6.47966e+155
-18.84 -4.443e+155
-18.83 -3.04711e+155
-18.82 -2.09019e+155
-18.81 -1.43407e+155
-18.8 -9.84107e+154
-18.79 -6.75461e+154
-18.78 -4.63709e+154
-18.77 -3.18403e+154
-18.76 -2.18673e+154
-18.75 -1.50211e+154
-18.74 -1.03203e+154
-18.73 -7.09205e+153
-18.72 -4.87458e+153
-18.71 -3.35112e+153
-18.7 -2.30424e+153
-18.69 -1.58473e+153
-18.68 -1.0901e+153
-18.67 -7.50007e+152
-18.66 -5.16121e+152
-18.65 -3.55242e+152
-18.64 -2.44559e+152
-18.63 -1.68395e+152
-18.62 -1.15974e+152
-18.61 -7.9888e+151
-18.6 -5.50412e+151
-18.59 -3.79298e+151
-18.58 -2.61433e+151
-18.57 -1.8023e+151
-18.56 -1.24274e+151
-18.55 -8.57078e+150
-18.54 -5.91217e+150
-18.53 -4.07906e+150
-18.52 -2.81488e+150
-18.51 -1.94289e+150
-18.5 -1.34129e+150
-18.49 -9.2615e+149
-18.48 -6.3963e+149
-18.47 -4.41837e+149
-18.46 -3.05269e+149
-18.45 -2.10955e+149
-18.44 -1.45809e+149
-18.43 -1.00801e+149
-18.42 -6.96999e+148
-18.41 -4.82044e+148
-18.4 -3.33448e+148
-18.39 -2.30704e+148
-18.38 -1.5965e+148
-18.37 -1.10502e+148
-18.36 -7.64995e+147
-18.35 -5.29704e+147
-18.34 -3.66855e+147
-18.33 -2.54122e+147
-18.32 -1.76067e+147
-18.31 -1.22011e+147
-18.3 -8.45682e+146
-18.29 -5.86276e+146
-18.28 -4.06522e+146
-18.27 -2.81937e+146
-18.26 -1.95572e+146
-18.25 -1.35691e+146
-18.24 -9.41625e+145
-18.23 -6.53572e+145
-18.22 -4.53728e+145
-18.21 -3.15054e+145
-18.2 -2.18806e+145
-18.19 -1.51993e+145
-18.18 -1.05602e+145
-18.17 -7.3385e+144
-18.16 -5.1007e+144
-18.15 -3.546e+144
-18.14 -2.46567e+144
-18.13 -1.71482e+144
-18.12 -1.19285e+144
-18.11 -8.29933e+143
-18.1 -5.77545e+143
-18.09 -4.0199e+143
-18.08 -2.79854e+143
-18.07 -1.94865e+143
-18.06 -1.35714e+143
-18.05 -9.45368e+142
-18.04 -6.58664e+142
-18.03 -4.59001e+142
-18.02 -3.19927e+142
-18.01 -2.23035e+142
-18 -1.55519e+142
-17.99 -1.08463e+142
-17.98 -7.56597e+141
-17.97 -5.27879e+141
-17.96 -3.68376e+141
-17.95 -2.5712e+141
-17.94 -1.79501e+141
-17.93 -1.25338e+141
-17.92 -8.75361e+140
-17.91 -6.11474e+140
-17.9 -4.27223e+140
-17.89 -2.98551e+140
-17.88 -2.08675e+140
-17.87 -1.45884e+140
-17.86 -1.02007e+140
-17.85 -7.13416e+139
-17.84 -4.99046e+139
-17.83 -3.4916e+139
-17.82 -2.44341e+139
-17.81 -1.71023e+139
-17.8 -1.19729e+139
-17.79 -8.38359e+138
-17.78 -5.87149e+138
-17.77 -4.11294e+138
-17.76 -2.88167e+138
-17.75 -2.0194e+138
-17.74 -1.41543e+138
-17.73 -9.92291e+137
-17.72 -6.95789e+137
-17.71 -4.87981e+137
-17.7 -3.42306e+137
-17.69 -2.40167e+137
-17.68 -1.68538e+137
-17.67 -1.18296e+137
-17.66 -8.3048e+136
-17.65 -5.83142e+136
-17.64 -4.0955e+136
-17.63 -2.8769e+136
-17.62 -2.0213e+136
-17.61 -1.42044e+136
-17.6 -9.98395e+135
-17.59 -7.01889e+135
-17.58 -4.93538e+135
-17.57 -3.47104e+135
-17.56 -2.44166e+135
-17.55 -1.7179e+135
-17.54 -1.20892e+135
-17.53 -8.5091e+134
-17.52 -5.99041e+134
-17.51 -4.21809e+134
-17.5 -2.97072e+134
-17.49 -2.09264e+134
-17.48 -1.4744e+134
-17.47 -1.03901e+134
-17.46 -7.32343e+133
-17.45 -5.16291e+133
-17.44 -3.6405e+133
-17.43 -2.56752e+133
-17.42 -1.81115e+133
-17.41 -1.27785e+133
-17.4 -9.01767e+132
-17.39 -6.36494e+132
-17.38 -4.49346e+132
-17.37 -3.17289e+132
-17.36 -2.24086e+132
-17.35 -1.58293e+132
-17.34 -1.1184e+132
-17.33 -7.90344e+131
-17.32 -5.58629e+131
-17.31 -3.94927e+131
-17.3 -2.79253e+131
-17.29 -1.97499e+131
-17.28 -1.39707e+131
-17.27 -9.88461e+130
-17.26 -6.99499e+130
-17.25 -4.9511e+130
-17.24 -3.50511e+130
-17.23 -2.48193e+130
-17.22 -1.75778e+130
-17.21 -1.24516e+130
-17.2 -8.82212e+129
-17.19 -6.25183e+129
-17.18 -4.43127e+129
-17.17 -3.14149e+129
-17.16 -2.22757e+129
-17.15 -1.57984e+129
-17.14 -1.12068e+129
-17.13 -7.95124e+128
-17.12 -5.64256e+128
-17.11 -4.00502e+128
-17.1 -2.84328e+128
-17.09 -2.01893e+128
-17.08 -1.43387e+128
-17.07 -1.01855e+128
-17.06 -7.23678e+127
-17.05 -5.14273e+127
-17.04 -3.65535e+127
-17.03 -2.59867e+127
-17.02 -1.84782e+127
-17.01 -1.31418e+127
-17 -9.34839e+126
-16.99 -6.65128e+126
-16.98 -4.73326e+126
-16.97 -3.36901e+126
-16.96 -2.39846e+126
-16.95 -1.70784e+126
-16.94 -1.21632e+126
-16.93 -8.66439e+125
-16.92 -6.17325e+125
-16.91 -4.39923e+125
-16.9 -3.13563e+125
-16.89 -2.23543e+125
-16.88 -1.59398e+125
-16.87 -1.13682e+125
-16.86 -8.1094e+124
-16.85 -5.7859e+124
-16.84 -4.12896e+124
-16.83 -2.94711e+124
-16.82 -2.10397e+124
-16.81 -1.50234e+124
-16.8 -1.07296e+124
-16.79 -7.66456e+123
-16.78 -5.47617e+123
-16.77 -3.91339e+123
-16.76 -2.79715e+123
-16.75 -1.9997e+123
-16.74 -1.42989e+123
-16.73 -1.02265e+123
-16.72 -7.31535e+122
-16.71 -5.23397e+122
-16.7 -3.74554e+122
-16.69 -2.68092e+122
-16.68 -1.91929e+122
-16.67 -1.37431e+122
-16.66 -9.8427e+121
-16.65 -7.05068e+121
-16.64 -5.05166e+121
-16.63 -3.62013e+121
-16.62 -2.59478e+121
-16.61 -1.86022e+121
-16.6 -1.33387e+121
-16.59 -9.56648e+120
-16.58 -6.86239e+120
-16.57 -4.92364e+120
-16.56 -3.53332e+120
-16.55 -2.5361e+120
-16.54 -1.82069e+120
-16.53 -1.30736e+120
-16.52 -9.3894e+119
-16.51 -6.74479e+119
-16.5 -4.84603e+119
-16.49 -3.48249e+119
-16.48 -2.50311e+119
-16.47 -1.79952e+119
-16.46 -1.29396e+119
-16.45 -9.3062e+118
-16.44 -6.69437e+118
-16.43 -4.81653e+118
-16.42 -3.46613e+118
-16.41 -2.49484e+118
-16.4 -1.79608e+118
-16.39 -1.29329e+118
-16.38 -9.3144e+117
-16.37 -6.70964e+117
-16.36 -4.83426e+117
-16.35 -3.48376e+117
-16.34 -2.51103e+117
-16.33 -1.81027e+117
-16.32 -1.30533e+117
-16.31 -9.41426e+116
-16.3 -6.79105e+116
-16.29 -4.89976e+116
-16.28 -3.5359e+116
-16.27 -2.55218e+116
-16.26 -1.84251e+116
-16.25 -1.33044e+116
-16.24 -9.60871e+115
-16.23 -6.94102e+115
-16.22 -5.01497e+115
-16.21 -3.62409e+115
-16.2 -2.61949e+115
-16.19 -1.89375e+115
-16.18 -1.36935e+115
-16.17 -9.90358e+114
-16.16 -7.16403e+114
-16.15 -5.18333e+114
-16.14 -3.751e+114
-16.13 -2.71501e+114
-16.12 -1.96555e+114
-16.11 -1.42325e+114
-16.1 -1.03078e+114
-16.09 -7.46688e+113
-16.08 -5.41e+113
-16.07 -3.92051e+113
-16.06 -2.84168e+113
-16.05 -2.06012e+113
-16.04 -1.49382e+113
-16.03 -1.0834e+113
-16.02 -7.85903e+112
-16.01 -5.70209e+112
-16 -4.13796e+112
-15.99 -3.00348e+112
-15.98 -2.18047e+112
-15.97 -1.5833e+112
-15.96 -1.1499e+112
-15.95 -8.35309e+111
-15.94 -6.06903e+111
-15.93 -4.4104e+111
-15.92 -3.2057e+111
-15.91 -2.33054e+111
-15.9 -1.69463e+111
-15.89 -1.23248e+111
-15.88 -8.96546e+110
-15.87 -6.52306e+110
-15.86 -4.74698e+110
-15.85 -3.45517e+110
-15.84 -2.51541e+110
-15.83 -1.83162e+110
-15.82 -1.33397e+110
-15.81 -9.7173e+109
-15.8 -7.07997e+109
-15.79 -5.15946e+109
-15.78 -3.76065e+109
-15.77 -2.74163e+109
-15.76 -1.99913e+109
-15.75 -1.45801e+109
-15.74 -1.06357e+109
-15.73 -7.75996e+108
-15.72 -5.6629e+108
-15.71 -4.13337e+108
-15.7 -3.01757e+108
-15.69 -2.20342e+108
-15.68 -1.60925e+108
-15.67 -1.17553e+108
-15.66 -8.58884e+107
-15.65 -6.27655e+107
-15.64 -4.58768e+107
-15.63 -3.35392e+107
-15.62 -2.45244e+107
-15.61 -1.79363e+107
-15.6 -1.31205e+107
-15.59 -9.59969e+106
-15.58 -7.02506e+106
-15.57 -5.14197e+106
-15.56 -3.7644e+106
-15.55 -2.75644e+106
-15.54 -2.01878e+106
-15.53 -1.47882e+106
-15.52 -1.0835e+106
-15.51 -7.94012e+105
-15.5 -5.81987e+105
-15.49 -4.26664e+105
-15.48 -3.12857e+105
-15.47 -2.29452e+105
-15.46 -1.68316e+105
-15.45 -1.23494e+105
-15.44 -9.06257e+104
-15.43 -6.65188e+104
-15.42 -4.88342e+104
-15.41 -3.58584e+104
-15.4 -2.63356e+104
-15.39 -1.93456e+104
-15.38 -1.42138e+104
-15.37 -1.04453e+104
-15.36 -7.67755e+103
-15.35 -5.64429e+103
-15.34 -4.15033e+103
-15.33 -3.0524e+103
-15.32 -2.24537e+103
-15.31 -1.65204e+103
-15.3 -1.21574e+103
-15.29 -8.94845e+102
-15.28 -6.58781e+102
-15.27 -4.85088e+102
-15.26 -3.57262e+102
-15.25 -2.63173e+102
-15.24 -1.93901e+102
-15.23 -1.42892e+102
-15.22 -1.05322e+102
-15.21 -7.76462e+101
-15.2 -5.72541e+101
-15.19 -4.2226e+101
-15.18 -3.11487e+101
-15.17 -2.29819e+101
-15.16 -1.69598e+101
-15.15 -1.25181e+101
-15.14 -9.24158e+100
-15.13 -6.82401e+100
-15.12 -5.03987e+100
-15.11 -3.72294e+100
-15.1 -2.75067e+100
-15.09 -2.03273e+100
-15.08 -1.50247e+100
-15.07 -1.11076e+100
-15.06 -8.21333e+99
-15.05 -6.07443e+99
-15.04 -4.49344e+99
-15.03 -3.3246e+99
-15.02 -2.46029e+99
-15.01 -1.82104e+99
-15 -1.34815e+99
-14.99 -9.98264e+98
-14.98 -7.39331e+98
-14.97 -5.4767e+98
-14.96 -4.05775e+98
-14.95 -3.00704e+98
-14.94 -2.22884e+98
-14.93 -1.65236e+98
-14.92 -1.22523e+98
-14.91 -9.08695e+97
-14.9 -6.7407e+97
-14.89 -5.00125e+97
-14.88 -3.7114e+97
-14.87 -2.75477e+97
-14.86 -2.04512e+97
-14.85 -1.51858e+97
-14.84 -1.12783e+97
-14.83 -8.37795e+96
-14.82 -6.22469e+96
-14.81 -4.62577e+96
-14.8 -3.43825e+96
-14.79 -2.5561e+96
-14.78 -1.90066e+96
-14.77 -1.41357e+96
-14.76 -1.05152e+96
-14.75 -7.82355e+95
-14.74 -5.82207e+95
-14.73 -4.33348e+95
-14.72 -3.22614e+95
-14.71 -2.40224e+95
-14.7 -1.78911e+95
-14.69 -1.33273e+95
-14.68 -9.9297e+94
-14.67 -7.39973e+94
-14.66 -5.51547e+94
-14.65 -4.11184e+94
-14.64 -3.06602e+94
-14.63 -2.28666e+94
-14.62 -1.70575e+94
-14.61 -1.27267e+94
-14.6 -9.49733e+93
-14.59 -7.08883e+93
-14.58 -5.29217e+93
-14.57 -3.95167e+93
-14.56 -2.9513e+93
-14.55 -2.20462e+93
-14.54 -1.64717e+93
-14.53 -1.23093e+93
-14.52 -9.20052e+92
-14.51 -6.87826e+92
-14.5 -5.14318e+92
-14.49 -3.84655e+92
-14.48 -2.87738e+92
-14.47 -2.15283e+92
-14.46 -1.61105e+92
-14.45 -1.20586e+92
-14.44 -9.02754e+91
-14.43 -6.75972e+91
-14.42 -5.06262e+91
-14.41 -3.79235e+91
-14.4 -2.84137e+91
-14.39 -2.12928e+91
-14.38 -1.59598e+91
-14.37 -1.19648e+91
-14.36 -8.97165e+90
-14.35 -6.7286e+90
-14.34 -5.04736e+90
-14.33 -3.78696e+90
-14.32 -2.84186e+90
-14.31 -2.13306e+90
-14.3 -1.60136e+90
-14.29 -1.20243e+90
-14.28 -9.03068e+89
-14.27 -6.7837e+89
-14.26 -5.09682e+89
-14.25 -3.83017e+89
-14.24 -2.87888e+89
-14.23 -2.1643e+89
-14.22 -1.62741e+89
-14.21 -1.22394e+89
-14.2 -9.20692e+88
-14.19 -6.92713e+88
-14.18 -5.2129e+88
-14.17 -3.92366e+88
-14.16 -2.95386e+88
-14.15 -2.22421e+88
-14.14 -1.67513e+88
-14.13 -1.26185e+88
-14.12 -9.50721e+87
-14.11 -7.16449e+87
-14.1 -5.40013e+87
-14.09 -4.07108e+87
-14.08 -3.06974e+87
-14.07 -2.31516e+87
-14.06 -1.74641e+87
-14.05 -1.31765e+87
-14.04 -9.94345e+86
-14.03 -7.50521e+86
-14.02 -5.66597e+86
-14.01 -4.27832e+86
-14 -3.23116e+86
-13.99 -2.44079e+86
-13.98 -1.84412e+86
-13.97 -1.39359e+86
-13.96 -1.05333e+86
-13.95 -7.96315e+85
-13.94 -6.02129e+85
-13.93 -4.55388e+85
-13.92 -3.44477e+85
-13.91 -2.6063e+85
-13.9 -1.97232e+85
-13.89 -1.49285e+85
-13.88 -1.13016e+85
-13.87 -8.55759e+84
-13.86 -6.48112e+84
-13.85 -4.90947e+84
-13.84 -3.71969e+84
-13.83 -2.8188e+84
-13.82 -2.13653e+84
-13.81 -1.61972e+84
-13.8 -1.22817e+84
-13.79 -9.31458e+83
-13.78 -7.06569e+83
-13.77 -5.36083e+83
-13.76 -4.06815e+83
-13.75 -3.08779e+83
-13.74 -2.34415e+83
-13.73 -1.77996e+83
-13.72 -1.35183e+83
-13.71 -1.02688e+83
-13.7 -7.80195e+82
-13.69 -5.9289e+82
-13.68 -4.50642e+82
-13.67 -3.42591e+82
-13.66 -2.605e+82
-13.65 -1.98118e+82
-13.64 -1.50705e+82
-13.63 -1.14662e+82
-13.62 -8.72563e+81
-13.61 -6.64142e+81
-13.6 -5.05605e+81
-13.59 -3.84989e+81
-13.58 -2.93206e+81
-13.57 -2.23348e+81
-13.56 -1.70169e+81
-13.55 -1.29677e+81
-13.54 -9.88403e+80
-13.53 -7.53513e+80
-13.52 -5.74559e+80
-13.51 -4.38192e+80
-13.5 -3.34258e+80
-13.49 -2.55026e+80
-13.48 -1.94614e+80
-13.47 -1.48543e+80
-13.46 -1.13401e+80
-13.45 -8.65895e+79
-13.44 -6.61305e+79
-13.43 -5.05155e+79
-13.42 -3.85953e+79
-13.41 -2.94938e+79
-13.4 -2.25431e+79
-13.39 -1.72339e+79
-13.38 -1.31777e+79
-13.37 -1.00782e+79
-13.36 -7.70926e+78
-13.35 -5.89832e+78
-13.34 -4.51369e+78
-13.33 -3.45478e+78
-13.32 -2.64482e+78
-13.31 -2.02516e+78
-13.3 -1.55099e+78
-13.29 -1.18808e+78
-13.28 -9.10263e+77
-13.27 -6.97551e+77
-13.26 -5.34652e+77
-13.25 -4.09877e+77
-13.24 -3.14284e+77
-13.23 -2.41034e+77
-13.22 -1.84893e+77
-13.21 -1.41856e+77
-13.2 -1.08859e+77
-13.19 -8.35538e+76
-13.18 -6.41438e+76
-13.17 -4.92527e+76
-13.16 -3.78261e+76
-13.15 -2.90563e+76
-13.14 -2.23242e+76
-13.13 -1.71552e+76
-13.12 -1.31858e+76
-13.11 -1.01368e+76
-13.1 -7.79437e+75
-13.09 -5.99445e+75
-13.08 -4.61109e+75
-13.07 -3.54769e+75
-13.06 -2.73006e+75
-13.05 -2.1013e+75
-13.04 -1.61766e+75
-13.03 -1.24559e+75
-13.02 -9.59291e+74
-13.01 -7.38944e+74
-13 -5.69323e+74
-12.99 -4.38725e+74
-12.98 -3.38153e+74
-12.97 -2.60688e+74
-12.96 -2.01009e+74
-12.95 -1.55023e+74
-12.94 -1.19581e+74
-12.93 -9.22605e+73
-12.92 -7.11961e+73
-12.91 -5.4952e+73
-12.9 -4.24225e+73
-12.89 -3.27564e+73
-12.88 -2.52978e+73
-12.87 -1.95415e+73
-12.86 -1.50979e+73
-12.85 -1.16671e+73
-12.84 -9.01771e+72
-12.83 -6.97133e+72
-12.82 -5.39042e+72
-12.81 -4.16884e+72
-12.8 -3.22474e+72
-12.79 -2.49494e+72
-12.78 -1.93069e+72
-12.77 -1.49435e+72
-12.76 -1.15685e+72
-12.75 -8.95758e+71
-12.74 -6.93729e+71
-12.73 -5.37373e+71
-12.72 -4.1634e+71
-12.71 -3.22631e+71
-12.7 -2.50064e+71
-12.69 -1.93858e+71
-12.68 -1.50315e+71
-12.67 -1.16576e+71
-12.66 -9.04273e+70
-12.65 -7.01581e+70
-12.64 -5.44431e+70
-12.63 -4.22566e+70
-12.62 -3.28044e+70
-12.61 -2.54716e+70
-12.6 -1.97819e+70
-12.59 -1.53662e+70
-12.58 -1.19385e+70
-12.57 -9.2773e+69
-12.56 -7.21073e+69
-12.55 -5.60562e+69
-12.54 -4.35867e+69
-12.53 -3.38978e+69
-12.52 -2.63679e+69
-12.51 -2.05148e+69
-12.5 -1.59641e+69
-12.49 -1.24253e+69
-12.48 -9.67292e+68
-12.47 -7.53172e+68
-12.46 -5.86567e+68
-12.45 -4.56907e+68
-12.44 -3.55979e+68
-12.43 -2.77401e+68
-12.42 -2.16211e+68
-12.41 -1.68552e+68
-12.4 -1.31425e+68
-12.39 -1.02496e+68
-12.38 -7.99507e+67
-12.37 -6.23771e+67
-12.36 -4.86759e+67
-12.35 -3.79918e+67
-12.34 -2.96587e+67
-12.33 -2.3158e+67
-12.32 -1.80858e+67
-12.31 -1.41273e+67
-12.3 -1.10374e+67
-12.29 -8.62508e+66
-12.28 -6.74132e+66
-12.27 -5.27003e+66
-12.26 -4.12067e+66
-12.25 -3.22263e+66
-12.24 -2.5208e+66
-12.23 -1.97221e+66
-12.22 -1.54331e+66
-12.21 -1.20793e+66
-12.2 -9.45619e+65
-12.19 -7.40418e+65
-12.18 -5.79862e+65
-12.17 -4.54212e+65
-12.16 -3.5586e+65
-12.15 -2.7886e+65
-12.14 -2.18565e+65
-12.13 -1.71341e+65
-12.12 -1.34347e+65
-12.11 -1.05361e+65
-12.1 -8.26459e+64
-12.09 -6.48408e+64
-12.08 -5.08817e+64
-12.07 -3.99357e+64
-12.06 -3.13507e+64
-12.05 -2.46162e+64
-12.04 -1.93321e+64
-12.03 -1.51854e+64
-12.02 -1.19305e+64
-12.01 -9.37513e+63
-12 -7.36857e+63
-11.99 -5.79262e+63
-11.98 -4.55464e+63
-11.97 -3.58195e+63
-11.96 -2.81755e+63
-11.95 -2.21671e+63
-11.94 -1.74435e+63
-11.93 -1.37292e+63
-11.92 -1.0808e+63
-11.91 -8.50999e+62
-11.9 -6.70194e+62
-11.89 -5.27908e+62
-11.88 -4.15913e+62
-11.87 -3.27743e+62
-11.86 -2.58316e+62
-11.85 -2.03636e+62
-11.84 -1.60563e+62
-11.83 -1.26626e+62
-11.82 -9.98818e+61
-11.81 -7.88018e+61
-11.8 -6.21832e+61
-11.79 -4.90791e+61
-11.78 -3.87442e+61
-11.77 -3.05916e+61
-11.76 -2.41594e+61
-11.75 -1.90834e+61
-11.74 -1.50769e+61
-11.73 -1.19139e+61
-11.72 -9.41635e+60
-11.71 -7.44386e+60
-11.7 -5.88573e+60
-11.69 -4.65468e+60
-11.68 -3.68184e+60
-11.67 -2.91291e+60
-11.66 -2.30502e+60
-11.65 -1.82436e+60
-11.64 -1.44421e+60
-11.63 -1.14351e+60
-11.62 -9.05595e+59
-11.61 -7.17323e+59
-11.6 -5.68306e+59
-11.59 -4.50336e+59
-11.58 -3.56925e+59
-11.57 -2.82947e+59
-11.56 -2.24346e+59
-11.55 -1.77917e+59
-11.54 -1.41125e+59
-11.53 -1.11964e+59
-11.52 -8.88462e+58
-11.51 -7.05156e+58
-11.5 -5.59781e+58
-11.49 -4.44465e+58
-11.48 -3.52975e+58
-11.47 -2.80373e+58
-11.46 -2.22749e+58
-11.45 -1.77003e+58
-11.44 -1.4068e+58
-11.43 -1.11833e+58
-11.42 -8.89195e+57
-11.41 -7.07145e+57
-11.4 -5.6248e+57
-11.39 -4.47498e+57
-11.38 -3.56093e+57
-11.37 -2.83414e+57
-11.36 -2.25613e+57
-11.35 -1.79637e+57
-11.34 -1.43058e+57
-11.33 -1.13951e+57
-11.32 -9.07837e+56
-11.31 -7.2341e+56
-11.3 -5.76565e+56
-11.29 -4.59619e+56
-11.28 -3.66467e+56
-11.27 -2.92252e+56
-11.26 -2.33113e+56
-11.25 -1.85979e+56
-11.24 -1.48404e+56
-11.23 -1.18445e+56
-11.22 -9.4552e+55
-11.21 -7.54941e+55
-11.2 -6.02895e+55
-11.19 -4.81567e+55
-11.18 -3.84732e+55
-11.17 -3.0743e+55
-11.16 -2.45709e+55
-11.15 -1.96418e+55
-11.14 -1.57047e+55
-11.13 -1.25593e+55
-11.12 -1.00458e+55
-11.11 -8.03697e+54
-11.1 -6.43111e+54
-11.09 -5.14714e+54
-11.08 -4.12034e+54
-11.07 -3.29903e+54
-11.06 -2.64196e+54
-11.05 -2.11618e+54
-11.04 -1.69537e+54
-11.03 -1.35852e+54
-11.02 -1.08881e+54
-11.01 -8.72816e+53
-11 -6.99812e+53
-10.99 -5.61212e+53
-10.98 -4.50151e+53
-10.97 -3.61141e+53
-10.96 -2.89789e+53
-10.95 -2.3258e+53
-10.94 -1.86703e+53
-10.93 -1.49905e+53
-10.92 -1.20383e+53
-10.91 -9.66948e+52
-10.9 -7.76832e+52
-10.89 -6.2422e+52
-10.88 -5.01689e+52
-10.87 -4.0329e+52
-10.86 -3.24255e+52
-10.85 -2.60761e+52
-10.84 -2.09742e+52
-10.83 -1.68739e+52
-10.82 -1.35779e+52
-10.81 -1.09278e+52
-10.8 -8.79675e+51
-10.79 -7.08267e+51
-10.78 -5.70373e+51
-10.77 -4.59417e+51
-10.76 -3.70119e+51
-10.75 -2.98238e+51
-10.74 -2.40365e+51
-10.73 -1.9376e+51
-10.72 -1.56223e+51
-10.71 -1.25983e+51
-10.7 -1.01617e+51
-10.69 -8.19796e+50
-10.68 -6.61504e+50
-10.67 -5.33882e+50
-10.66 -4.30968e+50
-10.65 -3.47961e+50
-10.64 -2.80998e+50
-10.63 -2.26967e+50
-10.62 -1.83361e+50
-10.61 -1.48163e+50
-10.6 -1.19745e+50
-10.59 -9.67971e+49
-10.58 -7.82625e+49
-10.57 -6.32895e+49
-10.56 -5.11912e+49
-10.55 -4.14139e+49
-10.54 -3.35107e+49
-10.53 -2.71211e+49
-10.52 -2.19542e+49
-10.51 -1.77752e+49
-10.5 -1.43945e+49
-10.49 -1.16591e+49
-10.48 -9.44544e+48
-10.47 -7.65358e+48
-10.46 -6.20288e+48
-10.45 -5.02816e+48
-10.44 -4.07672e+48
-10.43 -3.30597e+48
-10.42 -2.68147e+48
-10.41 -2.17538e+48
-10.4 -1.76515e+48
-10.39 -1.43257e+48
-10.38 -1.16289e+48
-10.37 -9.44157e+47
-10.36 -7.66722e+47
-10.35 -6.22756e+47
-10.34 -5.05923e+47
-10.33 -4.1109e+47
-10.32 -3.341e+47
-10.31 -2.71583e+47
-10.3 -2.20808e+47
-10.29 -1.79561e+47
-10.28 -1.46049e+47
-10.27 -1.18815e+47
-10.26 -9.6678e+46
-10.25 -7.86814e+46
-10.24 -6.40476e+46
-10.23 -5.21459e+46
-10.22 -4.24643e+46
-10.21 -3.45871e+46
-10.2 -2.81767e+46
-10.19 -2.29591e+46
-10.18 -1.87113e+46
-10.17 -1.52524e+46
-10.16 -1.24355e+46
-10.15 -1.01408e+46
-10.14 -8.27115e+45
-10.13 -6.74758e+45
-10.12 -5.50575e+45
-10.11 -4.49335e+45
-10.1 -3.66785e+45
-10.09 -2.9946e+45
-10.08 -2.44542e+45
-10.07 -1.99735e+45
-10.06 -1.6317e+45
-10.05 -1.33326e+45
-10.04 -1.08962e+45
-10.03 -8.90675e+44
-10.02 -7.28202e+44
-10.01 -5.95485e+44
-10 -4.87053e+44
-9.99 -3.98445e+44
-9.98 -3.26021e+44
-9.97 -2.66815e+44
-9.96 -2.18405e+44
-9.95 -1.78813e+44
-9.94 -1.46428e+44
-9.93 -1.19932e+44
-9.92 -9.82495e+43
-9.91 -8.05033e+43
-9.9 -6.59755e+43
-9.89 -5.40803e+43
-9.88 -4.43385e+43
-9.87 -3.63589e+43
-9.86 -2.98212e+43
-9.85 -2.4464e+43
-9.84 -2.00731e+43
-9.83 -1.64736e+43
-9.82 -1.35223e+43
-9.81 -1.11019e+43
-9.8 -9.11657e+42
-9.79 -7.48776e+42
-9.78 -6.15118e+42
-9.77 -5.05418e+42
-9.76 -4.15366e+42
-9.75 -3.41426e+42
-9.74 -2.80704e+42
-9.73 -2.30827e+42
-9.72 -1.89851e+42
-9.71 -1.56179e+42
-9.7 -1.28505e+42
-9.69 -1.05756e+42
-9.68 -8.70514e+41
-9.67 -7.16692e+41
-9.66 -5.90168e+41
-9.65 -4.86078e+41
-9.64 -4.00425e+41
-9.63 -3.29932e+41
-9.62 -2.71902e+41
-9.61 -2.24124e+41
-9.6 -1.84778e+41
-9.59 -1.5237e+41
-9.58 -1.2567e+41
-9.57 -1.0367e+41
-9.56 -8.55383e+40
-9.55 -7.05918e+40
-9.54 -5.82686e+40
-9.53 -4.81062e+40
-9.52 -3.9724e+40
-9.51 -3.2809e+40
-9.5 -2.7103e+40
-9.49 -2.23939e+40
-9.48 -1.85067e+40
-9.47 -1.52972e+40
-9.46 -1.26469e+40
-9.45 -1.04578e+40
-9.44 -8.64938e+39
-9.43 -7.15509e+39
-9.42 -5.92014e+39
-9.41 -4.89931e+39
-9.4 -4.05531e+39
-9.39 -3.35737e+39
-9.38 -2.78011e+39
-9.37 -2.30255e+39
-9.36 -1.90741e+39
-9.35 -1.5804e+39
-9.34 -1.3097e+39
-9.33 -1.08559e+39
-9.32 -9.0001e+38
-9.31 -7.46301e+38
-9.3 -6.18966e+38
-9.29 -5.13459e+38
-9.28 -4.26021e+38
-9.27 -3.53544e+38
-9.26 -2.93455e+38
-9.25 -2.43628e+38
-9.24 -2.02301e+38
-9.23 -1.68018e+38
-9.22 -1.39572e+38
-9.21 -1.15965e+38
-9.2 -9.63707e+37
-9.19 -8.01028e+37
-9.18 -6.65943e+37
-9.17 -5.53748e+37
-9.16 -4.60547e+37
-9.15 -3.83109e+37
-9.14 -3.18755e+37
-9.13 -2.65264e+37
-9.12 -2.20793e+37
-9.11 -1.83814e+37
-9.1 -1.53059e+37
-9.09 -1.27475e+37
-9.08 -1.06188e+37
-9.07 -8.8474e+36
-9.06 -7.37294e+36
-9.05 -6.14543e+36
-9.04 -5.12331e+36
-9.03 -4.27203e+36
-9.02 -3.56291e+36
-9.01 -2.97209e+36
-9 -2.47973e+36
-8.99 -2.06935e+36
-8.98 -1.72723e+36
-8.97 -1.44196e+36
-8.96 -1.20404e+36
-8.95 -1.00558e+36
-8.94 -8.39995e+35
-8.93 -7.01817e+35
-8.92 -5.86486e+35
-8.91 -4.90205e+35
-8.9 -4.09811e+35
-8.89 -3.4267e+35
-8.88 -2.86586e+35
-8.87 -2.39729e+35
-8.86 -2.00573e+35
-8.85 -1.67846e+35
-8.84 -1.40486e+35
-8.83 -1.1761e+35
-8.82 -9.84785e+34
-8.81 -8.24754e+34
-8.8 -6.90866e+34
-8.79 -5.78828e+34
-8.78 -4.85056e+34
-8.77 -4.06556e+34
-8.76 -3.40827e+34
-8.75 -2.85782e+34
-8.74 -2.39675e+34
-8.73 -2.01046e+34
-8.72 -1.68677e+34
-8.71 -1.41547e+34
-8.7 -1.18805e+34
-8.69 -9.97362e+33
-8.68 -8.37447e+33
-8.67 -7.03313e+33
-8.66 -5.90781e+33
-8.65 -4.96352e+33
-8.64 -4.171e+33
-8.63 -3.50571e+33
-8.62 -2.94713e+33
-8.61 -2.47804e+33
-8.6 -2.08402e+33
-8.59 -1.75301e+33
-8.58 -1.47486e+33
-8.57 -1.2411e+33
-8.56 -1.04459e+33
-8.55 -8.79371e+32
-8.54 -7.40432e+32
-8.53 -6.23568e+32
-8.52 -5.25254e+32
-8.51 -4.42528e+32
-8.5 -3.72905e+32
-8.49 -3.14299e+32
-8.48 -2.64955e+32
-8.47 -2.23403e+32
-8.46 -1.88405e+32
-8.45 -1.58921e+32
-8.44 -1.34078e+32
-8.43 -1.13141e+32
-8.42 -9.54918e+31
-8.41 -8.06121e+31
-8.4 -6.80644e+31
-8.39 -5.74813e+31
-8.38 -4.85534e+31
-8.37 -4.10203e+31
-8.36 -3.46628e+31
-8.35 -2.92965e+31
-8.34 -2.47658e+31
-8.33 -2.094e+31
-8.32 -1.77087e+31
-8.31 -1.4979e+31
-8.3 -1.26726e+31
-8.29 -1.07235e+31
-8.28 -9.07592e+30
-8.27 -7.68302e+30
-8.26 -6.50518e+30
-8.25 -5.50901e+30
-8.24 -4.66631e+30
-8.23 -3.9533e+30
-8.22 -3.3499e+30
-8.21 -2.83916e+30
-8.2 -2.40677e+30
-8.19 -2.04064e+30
-8.18 -1.73055e+30
-8.17 -1.46787e+30
-8.16 -1.24531e+30
-8.15 -1.0567e+30
-8.14 -8.96841e+29
-8.13 -7.61314e+29
-8.12 -6.46395e+29
-8.11 -5.48932e+29
-8.1 -4.66258e+29
-8.09 -3.96113e+29
-8.08 -3.36588e+29
-8.07 -2.86064e+29
-8.06 -2.43173e+29
-8.05 -2.06754e+29
-8.04 -1.75824e+29
-8.03 -1.49551e+29
-8.02 -1.27229e+29
-8.01 -1.0826e+29
-8 -9.21374e+28
-7.99 -7.84316e+28
-7.98 -6.67778e+28
-7.97 -5.68669e+28
-7.96 -4.84366e+28
-7.95 -4.12642e+28
-7.94 -3.51608e+28
-7.93 -2.99662e+28
-7.92 -2.5544e+28
-7.91 -2.17788e+28
-7.9 -1.85722e+28
-7.89 -1.58409e+28
-7.88 -1.3514e+28
-7.87 -1.15312e+28
-7.86 -9.8412e+27
-7.85 -8.40059e+27
-7.84 -7.17228e+27
-7.83 -6.12479e+27
-7.82 -5.23131e+27
-7.81 -4.46907e+27
-7.8 -3.81864e+27
-7.79 -3.26353e+27
-7.78 -2.78966e+27
-7.77 -2.38508e+27
-7.76 -2.03957e+27
-7.75 -1.74446e+27
-7.74 -1.49235e+27
-7.73 -1.27693e+27
-7.72 -1.09282e+27
-7.71 -9.35437e+26
-7.7 -8.00881e+26
-7.69 -6.85816e+26
-7.68 -5.87399e+26
-7.67 -5.03205e+26
-7.66 -4.31165e+26
-7.65 -3.69511e+26
-7.64 -3.16736e+26
-7.63 -2.71553e+26
-7.62 -2.32861e+26
-7.61 -1.99722e+26
-7.6 -1.71333e+26
-7.59 -1.47008e+26
-7.58 -1.26162e+26
-7.57 -1.08293e+26
-7.56 -9.29736e+25
-7.55 -7.98371e+25
-7.54 -6.85703e+25
-7.53 -5.89052e+25
-7.52 -5.06124e+25
-7.51 -4.34957e+25
-7.5 -3.73872e+25
-7.49 -3.21428e+25
-7.48 -2.76396e+25
-7.47 -2.3772e+25
-7.46 -2.04497e+25
-7.45 -1.75951e+25
-7.44 -1.5142e+25
-7.43 -1.30335e+25
-7.42 -1.12209e+25
-7.41 -9.66223e+24
-7.4 -8.32173e+24
-7.39 -7.16863e+24
-7.38 -6.17653e+24
-7.37 -5.32279e+24
-7.36 -4.58797e+24
-7.35 -3.95537e+24
-7.34 -3.41067e+24
-7.33 -2.94157e+24
-7.32 -2.53749e+24
-7.31 -2.18935e+24
-7.3 -1.88935e+24
-7.29 -1.63078e+24
-7.28 -1.40787e+24
-7.27 -1.21568e+24
-7.26 -1.04993e+24
-7.25 -9.06958e+23
-7.24 -7.83611e+23
-7.23 -6.77173e+23
-7.22 -5.85309e+23
-7.21 -5.06007e+23
-7.2 -4.37536e+23
-7.19 -3.78405e+23
-7.18 -3.27331e+23
-7.17 -2.83206e+23
-7.16 -2.45078e+23
-7.15 -2.12125e+23
-7.14 -1.83639e+23
-7.13 -1.5901e+23
-7.12 -1.37711e+23
-7.11 -1.19289e+23
-7.1 -1.03352e+23
-7.09 -8.95616e+22
-7.08 -7.76267e+22
-7.07 -6.72956e+22
-7.06 -5.8351e+22
-7.05 -5.06053e+22
-7.04 -4.38964e+22
-7.03 -3.80845e+22
-7.02 -3.30487e+22
-7.01 -2.86844e+22
-7 -2.49013e+22
-6.99 -2.16215e+22
-6.98 -1.87774e+22
-6.97 -1.63106e+22
-6.96 -1.41707e+22
-6.95 -1.2314e+22
-6.94 -1.07027e+22
-6.93 -9.30403e+21
-6.92 -8.08977e+21
-6.91 -7.03537e+21
-6.9 -6.11961e+21
-6.89 -5.32411e+21
-6.88 -4.63293e+21
-6.87 -4.03228e+21
-6.86 -3.5102e+21
-6.85 -3.05631e+21
-6.84 -2.66165e+21
-6.83 -2.3184e+21
-6.82 -2.01982e+21
-6.81 -1.76005e+21
-6.8 -1.53398e+21
-6.79 -1.33722e+21
-6.78 -1.16592e+21
-6.77 -1.01677e+21
-6.76 -8.86879e+20
-6.75 -7.73732e+20
-6.74 -6.75153e+20
-6.73 -5.8925e+20
-6.72 -5.14379e+20
-6.71 -4.4911e+20
-6.7 -3.92201e+20
-6.69 -3.4257e+20
-6.68 -2.99279e+20
-6.67 -2.61511e+20
-6.66 -2.28554e+20
-6.65 -1.9979e+20
-6.64 -1.7468e+20
-6.63 -1.52757e+20
-6.62 -1.33611e+20
-6.61 -1.16888e+20
-6.6 -1.02279e+20
-6.59 -8.95129e+19
-6.58 -7.83558e+19
-6.57 -6.8603e+19
-6.56 -6.0076e+19
-6.55 -5.26192e+19
-6.54 -4.60971e+19
-6.53 -4.03914e+19
-6.52 -3.53989e+19
-6.51 -3.10296e+19
-6.5 -2.7205e+19
-6.49 -2.38565e+19
-6.48 -2.09243e+19
-6.47 -1.83562e+19
-6.46 -1.61064e+19
-6.45 -1.41351e+19
-6.44 -1.24076e+19
-6.43 -1.08933e+19
-6.42 -9.56576e+18
-6.41 -8.40165e+18
-6.4 -7.38066e+18
-6.39 -6.48503e+18
-6.38 -5.69921e+18
-6.37 -5.00959e+18
-6.36 -4.4043e+18
-6.35 -3.8729e+18
-6.34 -3.40629e+18
-6.33 -2.99649e+18
-6.32 -2.63651e+18
-6.31 -2.32024e+18
-6.3 -2.04231e+18
-6.29 -1.79803e+18
-6.28 -1.58327e+18
-6.27 -1.39445e+18
-6.26 -1.22838e+18
-6.25 -1.08231e+18
-6.24 -9.53794e+17
-6.23 -8.40704e+17
-6.22 -7.4117e+17
-6.21 -6.53549e+17
-6.2 -5.76401e+17
-6.19 -5.08459e+17
-6.18 -4.48615e+17
-6.17 -3.95892e+17
-6.16 -3.49435e+17
-6.15 -3.0849e+17
-6.14 -2.72396e+17
-6.13 -2.40573e+17
-6.12 -2.1251e+17
-6.11 -1.87757e+17
-6.1 -1.6592e+17
-6.09 -1.46652e+17
-6.08 -1.29647e+17
-6.07 -1.14637e+17
-6.06 -1.01384e+17
-6.05 -8.96812e+16
-6.04 -7.93449e+16
-6.03 -7.02137e+16
-6.02 -6.21456e+16
-6.01 -5.50155e+16
-6 -4.8713e+16
-5.99 -4.3141e+16
-5.98 -3.82139e+16
-5.97 -3.38562e+16
-5.96 -3.00014e+16
-5.95 -2.65907e+16
-5.94 -2.35724e+16
-5.93 -2.09008e+16
-5.92 -1.85356e+16
-5.91 -1.64414e+16
-5.9 -1.45866e+16
-5.89 -1.29436e+16
-5.88 -1.1488e+16
-5.87 -1.0198e+16
-5.86 -9.05474e+15
-5.85 -8.04119e+15
-5.84 -7.1425e+15
-5.83 -6.3455e+15
-5.82 -5.63854e+15
-5.81 -5.01133e+15
-5.8 -4.45477e+15
-5.79 -3.9608e+15
-5.78 -3.5223e+15
-5.77 -3.13296e+15
-5.76 -2.78721e+15
-5.75 -2.4801e+15
-5.74 -2.20727e+15
-5.73 -1.96484e+15
-5.72 -1.74938e+15
-5.71 -1.55785e+15
-5.7 -1.38756e+15
-5.69 -1.23614e+15
-5.68 -1.10145e+15
-5.67 -9.81633e+14
-5.66 -8.75022e+14
-5.65 -7.80143e+14
-5.64 -6.95689e+14
-5.63 -6.20499e+14
-5.62 -5.53545e+14
-5.61 -4.93913e+14
-5.6 -4.40791e+14
-5.59 -3.9346e+14
-5.58 -3.51281e+14
-5.57 -3.13685e+14
-5.56 -2.80168e+14
-5.55 -2.50281e+14
-5.54 -2.23627e+14
-5.53 -1.9985e+14
-5.52 -1.78637e+14
-5.51 -1.59707e+14
-5.5 -1.4281e+14
-5.49 -1.27727e+14
-5.48 -1.14259e+14
-5.47 -1.02231e+14
-5.46 -9.14877e+13
-5.45 -8.18893e+13
-5.44 -7.33123e+13
-5.43 -6.56465e+13
-5.42 -5.87939e+13
-5.41 -5.26669e+13
-5.4 -4.71877e+13
-5.39 -4.22869e+13
-5.38 -3.79025e+13
-5.37 -3.39793e+13
-5.36 -3.04682e+13
-5.35 -2.73253e+13
-5.34 -2.45114e+13
-5.33 -2.19916e+13
-5.32 -1.97347e+13
-5.31 -1.77129e+13
-5.3 -1.59014e+13
-5.29 -1.42779e+13
-5.28 -1.28227e+13
-5.27 -1.15181e+13
-5.26 -1.03482e+13
-5.25 -9.29903e+12
-5.24 -8.35784e+12
-5.23 -7.51338e+12
-5.22 -6.75558e+12
-5.21 -6.0754e+12
-5.2 -5.46477e+12
-5.19 -4.91649e+12
-5.18 -4.42408e+12
-5.17 -3.98177e+12
-5.16 -3.58438e+12
-5.15 -3.22729e+12
-5.14 -2.90634e+12
-5.13 -2.61783e+12
-5.12 -2.35841e+12
-5.11 -2.12513e+12
-5.1 -1.91529e+12
-5.09 -1.72651e+12
-5.08 -1.55664e+12
-5.07 -1.40376e+12
-5.06 -1.26615e+12
-5.05 -1.14225e+12
-5.04 -1.03067e+12
-5.03 -9.3018e+11
-5.02 -8.39649e+11
-5.01 -7.58078e+11
-5 -6.84566e+11
-4.99 -6.18303e+11
-4.98 -5.58564e+11
-4.97 -5.04696e+11
-4.96 -4.56112e+11
-4.95 -4.12285e+11
-4.94 -3.72743e+11
-4.93 -3.3706e+11
-4.92 -3.04852e+11
-4.91 -2.75776e+11
-4.9 -2.49521e+11
-4.89 -2.25811e+11
-4.88 -2.04394e+11
-4.87 -1.85044e+11
-4.86 -1.67559e+11
-4.85 -1.51755e+11
-4.84 -1.37469e+11
-4.83 -1.24553e+11
-4.82 -1.12872e+11
-4.81 -1.02306e+11
-4.8 -9.27482e+10
-4.79 -8.40994e+10
-4.78 -7.6272e+10
-4.77 -6.91866e+10
-4.76 -6.27717e+10
-4.75 -5.69628e+10
-4.74 -5.17015e+10
-4.73 -4.69353e+10
-4.72 -4.26169e+10
-4.71 -3.87033e+10
-4.7 -3.51561e+10
-4.69 -3.19401e+10
-4.68 -2.9024e+10
-4.67 -2.63794e+10
-4.66 -2.39803e+10
-4.65 -2.18038e+10
-4.64 -1.98286e+10
-4.63 -1.80359e+10
-4.62 -1.64085e+10
-4.61 -1.49308e+10
-4.6 -1.35889e+10
-4.59 -1.237e+10
-4.58 -1.12626e+10
-4.57 -1.02564e+10
-4.56 -9.34183e+09
-4.55 -8.51052e+09
-4.54 -7.7547e+09
-4.53 -7.06738e+09
-4.52 -6.44224e+09
-4.51 -5.87354e+09
-4.5 -5.35609e+09
-4.49 -4.88517e+09
-4.48 -4.45653e+09
-4.47 -4.0663e+09
-4.46 -3.71095e+09
-4.45 -3.38732e+09
-4.44 -3.09252e+09
-4.43 -2.82393e+09
-4.42 -2.57916e+09
-4.41 -2.35607e+09
-4.4 -2.1527e+09
-4.39 -1.96726e+09
-4.38 -1.79815e+09
-4.37 -1.64389e+09
-4.36 -1.50316e+09
-4.35 -1.37475e+09
-4.34 -1.25755e+09
-4.33 -1.15057e+09
-4.32 -1.05289e+09
-4.31 -9.63693e+08
-4.3 -8.82224e+08
-4.29 -8.07799e+08
-4.28 -7.39797e+08
-4.27 -6.77651e+08
-4.26 -6.20846e+08
-4.25 -5.68914e+08
-4.24 -5.21427e+08
-4.23 -4.77996e+08
-4.22 -4.38269e+08
-4.21 -4.01921e+08
-4.2 -3.68659e+08
-4.19 -3.38216e+08
-4.18 -3.10347e+08
-4.17 -2.8483e+08
-4.16 -2.61461e+08
-4.15 -2.40057e+08
-4.14 -2.20447e+08
-4.13 -2.02479e+08
-4.12 -1.86011e+08
-4.11 -1.70916e+08
-4.1 -1.57076e+08
-4.09 -1.44385e+08
-4.08 -1.32746e+08
-4.07 -1.22068e+08
-4.06 -1.12271e+08
-4.05 -1.0328e+08
-4.04 -9.50273e+07
-4.03 -8.74513e+07
-4.02 -8.04948e+07
-4.01 -7.41061e+07
-4 -6.82376e+07
-3.99 -6.28461e+07
-3.98 -5.78917e+07
-3.97 -5.33383e+07
-3.96 -4.91525e+07
-3.95 -4.5304e+07
-3.94 -4.17649e+07
-3.93 -3.85097e+07
-3.92 -3.55151e+07
-3.91 -3.27597e+07
-3.9 -3.02239e+07
-3.89 -2.78898e+07
-3.88 -2.57409e+07
-3.87 -2.37622e+07
-3.86 -2.19399e+07
-3.85 -2.02612e+07
-3.84 -1.87145e+07
-3.83 -1.72893e+07
-3.82 -1.59757e+07
-3.81 -1.47648e+07
-3.8 -1.36482e+07
-3.79 -1.26186e+07
-3.78 -1.16689e+07
-3.77 -1.07927e+07
-3.76 -9.98426e+06
-3.75 -9.23815e+06
-3.74 -8.54945e+06
-3.73 -7.91362e+06
-3.72 -7.32648e+06
-3.71 -6.78422e+06
-3.7 -6.2833e+06
-3.69 -5.82048e+06
-3.68 -5.3928e+06
-3.67 -4.99751e+06
-3.66 -4.63208e+06
-3.65 -4.2942e+06
-3.64 -3.98173e+06
-3.63 -3.69271e+06
-3.62 -3.42532e+06
-3.61 -3.17791e+06
-3.6 -2.94894e+06
-3.59 -2.73699e+06
-3.58 -2.54076e+06
-3.57 -2.35906e+06
-3.56 -2.19077e+06
-3.55 -2.03487e+06
-3.54 -1.89044e+06
-3.53 -1.75659e+06
-3.52 -1.63253e+06
-3.51 -1.51753e+06
-3.5 -1.41089e+06
-3.49 -1.31201e+06
-3.48 -1.22028e+06
-3.47 -1.13519e+06
-3.46 -1.05623e+06
-3.45 -982955
-3.44 -914937
-3.43 -851789
-3.42 -793151
-3.41 -738691
-3.4 -688102
-3.39 -641101
-3.38 -597424
-3.37 -556829
-3.36 -519092
-3.35 -484005
-3.34 -451376
-3.33 -421027
-3.32 -392793
-3.31 -366523
-3.3 -342075
-3.29 -319318
-3.28 -298133
-3.27 -278406
-3.26 -260034
-3.25 -242920
-3.24 -226976
-3.23 -212119
-3.22 -198272
-3.21 -185365
-3.2 -173330
-3.19 -162108
-3.18 -151641
-3.17 -141877
-3.16 -132767
-3.15 -124266
-3.14 -116330
-3.13 -108923
-3.12 -102006
-3.11 -95546.8
-3.1 -89513.5
-3.09 -83877.1
-3.08 -78610.4
-3.07 -73688.4
-3.06 -69087.7
-3.05 -64786.5
-3.04 -60764.6
-3.03 -57003.1
-3.02 -53484.6
-3.01 -50192.7
-3 -47112.4
-2.99 -44229.4
-2.98 -41530.7
-2.97 -39004
-2.96 -36638
-2.95 -34422
-2.94 -32346.1
-2.93 -30401.1
-2.92 -28578.5
-2.91 -26870.1
-2.9 -25268.7
-2.89 -23767.2
-2.88 -22359.1
-2.87 -21038.4
-2.86 -19799.4
-2.85 -18636.8
-2.84 -17545.9
-2.83 -16521.8
-2.82 -15560.5
-2.81 -14657.9
-2.8 -13810.2
-2.79 -13013.9
-2.78 -12265.9
-2.77 -11563
-2.76 -10902.4
-2.75 -10281.5
-2.74 -9697.79
-2.73 -9148.9
-2.72 -8632.69
-2.71 -8147.13
-2.7 -7690.31
-2.69 -7260.46
-2.68 -6855.91
-2.67 -6475.1
-2.66 -6116.59
-2.65 -5778.99
-2.64 -5461.05
-2.63 -5161.55
-2.62 -4879.39
-2.61 -4613.5
-2.6 -4362.92
-2.59 -4126.7
-2.58 -3904
-2.57 -3694
-2.56 -3495.94
-2.55 -3309.11
-2.54 -3132.85
-2.53 -2966.52
-2.52 -2809.54
-2.51 -2661.35
-2.5 -2521.45
-2.49 -2389.34
-2.48 -2264.57
-2.47 -2146.71
-2.46 -2035.35
-2.45 -1930.13
-2.44 -1830.68
-2.43 -1736.67
-2.42 -1647.8
-2.41 -1563.75
-2.4 -1484.27
-2.39 -1409.08
-2.38 -1337.94
-2.37 -1270.63
-2.36 -1206.92
-2.35 -1146.62
-2.34 -1089.53
-2.33 -1035.47
-2.32 -984.266
-2.31 -935.767
-2.3 -889.819
-2.29 -846.28
-2.28 -805.017
-2.27 -765.904
-2.26 -728.824
-2.25 -693.663
-2.24 -660.318
-2.23 -628.689
-2.22 -598.682
-2.21 -570.211
-2.2 -543.19
-2.19 -517.543
-2.18 -493.195
-2.17 -470.077
-2.16 -448.122
-2.15 -427.269
-2.14 -407.459
-2.13 -388.636
-2.12 -370.749
-2.11 -353.749
-2.1 -337.587
-2.09 -322.221
-2.08 -307.609
-2.07 -293.712
-2.06 -280.491
-2.05 -267.914
-2.04 -255.945
-2.03 -244.554
-2.02 -233.711
-2.01 -223.388
-2 -213.558
-1.99 -204.196
-1.98 -195.279
-1.97 -186.784
-1.96 -178.69
-1.95 -170.976
-1.94 -163.623
-1.93 -156.614
-1.92 -149.931
-1.91 -143.558
-1.9 -137.48
-1.89 -131.681
-1.88 -126.149
-1.87 -120.87
-1.86 -115.832
-1.85 -111.023
-1.84 -106.431
-1.83 -102.047
-1.82 -97.86
-1.81 -93.8607
-1.8 -90.0402
-1.79 -86.3897
-1.78 -82.9012
-1.77 -79.567
-1.76 -76.3797
-1.75 -73.3324
-1.74 -70.4184
-1.73 -67.6315
-1.72 -64.9657
-1.71 -62.4153
-1.7 -59.975
-1.69 -57.6396
-1.68 -55.4043
-1.67 -53.2644
-1.66 -51.2156
-1.65 -49.2536
-1.64 -47.3745
-1.63 -45.5745
-1.62 -43.85
-1.61 -42.1976
-1.6 -40.614
-1.59 -39.0961
-1.58 -37.641
-1.57 -36.2458
-1.56 -34.9079
-1.55 -33.6247
-1.54 -32.3938
-1.53 -31.2129
-1.52 -30.0797
-1.51 -28.9922
-1.5 -27.9484
-1.49 -26.9464
-1.48 -25.9843
-1.47 -25.0604
-1.46 -24.173
-1.45 -23.3207
-1.44 -22.5018
-1.43 -21.715
-1.42 -20.9588
-1.41 -20.232
-1.4 -19.5334
-1.39 -18.8616
-1.38 -18.2157
-1.37 -17.5944
-1.36 -16.9969
-1.35 -16.422
-1.34 -15.8689
-1.33 -15.3366
-1.32 -14.8242
-1.31 -14.3311
-1.3 -13.8562
-1.29 -13.399
-1.28 -12.9587
-1.27 -12.5346
-1.26 -12.1261
-1.25 -11.7325
-1.24 -11.3531
-1.23 -10.9876
-1.22 -10.6352
-1.21 -10.2954
-1.2 -9.96787
-1.19 -9.65198
-1.18 -9.34731
-1.17 -9.0534
-1.16 -8.76985
-1.15 -8.49624
-1.14 -8.23218
-1.13 -7.97731
-1.12 -7.73126
-1.11 -7.4937
-1.1 -7.2643
-1.09 -7.04274
-1.08 -6.82872
-1.07 -6.62196
-1.06 -6.42217
-1.05 -6.2291
-1.04 -6.04249
-1.03 -5.8621
-1.02 -5.68768
-1.01 -5.51903
-1 -5.35591
-0.99 -5.19813
-0.98 -5.04549
-0.97 -4.8978
-0.96 -4.75487
-0.95 -4.61652
-0.94 -4.4826
-0.93 -4.35293
-0.92 -4.22737
-0.91 -4.10576
-0.9 -3.98796
-0.89 -3.87383
-0.88 -3.76323
-0.87 -3.65605
-0.86 -3.55216
-0.85 -3.45144
-0.84 -3.35377
-0.83 -3.25905
-0.82 -3.16718
-0.81 -3.07805
-0.8 -2.99156
-0.79 -2.90762
-0.78 -2.82615
-0.77 -2.74705
-0.76 -2.67024
-0.75 -2.59565
-0.74 -2.52318
-0.73 -2.45278
-0.72 -2.38437
-0.71 -2.31787
-0.7 -2.25322
-0.69 -2.19037
-0.68 -2.12923
-0.67 -2.06977
-0.66 -2.01191
-0.65 -1.9556
-0.64 -1.9008
-0.63 -1.84744
-0.62 -1.79548
-0.61 -1.74486
-0.6 -1.69555
-0.59 -1.6475
-0.58 -1.60066
-0.57 -1.555
-0.56 -1.51046
-0.55 -1.46702
-0.54 -1.42463
-0.53 -1.38326
-0.52 -1.34288
-0.51 -1.30344
-0.5 -1.26491
-0.49 -1.22727
-0.48 -1.19048
-0.47 -1.15452
-0.46 -1.11934
-0.45 -1.08493
-0.44 -1.05126
-0.43 -1.0183
-0.42 -0.986022
-0.41 -0.954404
-0.4 -0.923421
-0.39 -0.89305
-0.38 -0.863268
-0.37 -0.834053
-0.36 -0.805382
-0.35 -0.777236
-0.34 -0.749592
-0.33 -0.722433
-0.32 -0.695737
-0.31 -0.669486
-0.3 -0.643662
-0.29 -0.618247
-0.28 -0.593222
-0.27 -0.568572
-0.26 -0.544279
-0.25 -0.520326
-0.24 -0.496699
-0.23 -0.47338
-0.22 -0.450355
-0.21 -0.427608
-0.2 -0.405126
-0.19 -0.382892
-0.18 -0.360894
-0.17 -0.339116
-0.16 -0.317546
-0.15 -0.296169
-0.14 -0.274973
-0.13 -0.253943
-0.12 -0.233068
-0.11 -0.212333
-0.1 -0.191727
-0.09 -0.171237
-0.08 -0.15085
-0.07 -0.130554
-0.06 -0.110336
-0.05 -0.0901847
-0.04 -0.0700876
-0.03 -0.0500325
-0.02 -0.0300075
-0.01 -0.0100005
3.26936e-13 0.0100005
0.01 0.0300075
0.02 0.0500325
0.03 0.0700876
0.04 0.0901847
0.05 0.110336
0.06 0.130554
0.07 0.15085
0.08 0.171237
0.09 0.191727
0.1 0.212333
0.11 0.233068
0.12 0.253943
0.13 0.274973
0.14 0.296169
0.15 0.317546
0.16 0.339116
0.17 0.360894
0.18 0.382892
0.19 0.405126
0.2 0.427608
0.21 0.450355
0.22 0.47338
0.23 0.496699
0.24 0.520326
0.25 0.544279
0.26 0.568572
0.27 0.593222
0.28 0.618247
0.29 0.643662
0.3 0.669486
0.31 0.695737
0.32 0.722433
0.33 0.749592
0.34 0.777236
0.35 0.805382
0.36 0.834053
0.37 0.863268
0.38 0.89305
0.39 0.923421
0.4 0.954404
0.41 0.986022
0.42 1.0183
0.43 1.05126
0.44 1.08493
0.45 1.11934
0.46 1.15452
0.47 1.19048
0.48 1.22727
0.49 1.26491
0.5 1.30344
0.51 1.34288
0.52 1.38326
0.53 1.42463
0.54 1.46702
0.55 1.51046
0.56 1.555
0.57 1.60066
0.58 1.6475
0.59 1.69555
0.6 1.74486
0.61 1.79548
0.62 1.84744
0.63 1.9008
0.64 1.9556
0.65 2.01191
0.66 2.06977
0.67 2.12923
0.68 2.19037
0.69 2.25322
0.7 2.31787
0.71 2.38437
0.72 2.45278
0.73 2.52318
0.74 2.59565
0.75 2.67024
0.76 2.74705
0.77 2.82615
0.78 2.90762
0.79 2.99156
0.8 3.07805
0.81 3.16718
0.82 3.25905
0.83 3.35377
0.84 3.45144
0.85 3.55216
0.86 3.65605
0.87 3.76323
0.88 3.87383
0.89 3.98796
0.9 4.10576
0.91 4.22737
0.92 4.35293
0.93 4.4826
0.94 4.61652
0.95 4.75487
0.96 4.8978
0.97 5.04549
0.98 5.19813
0.99 5.35591
1 5.51903
1.01 5.68768
1.02 5.8621
1.03 6.04249
1.04 6.2291
1.05 6.42217
1.06 6.62196
1.07 6.82872
1.08 7.04274
1.09 7.2643
1.1 7.4937
1.11 7.73126
1.12 7.97731
1.13 8.23218
1.14 8.49624
1.15 8.76985
1.16 9.0534
1.17 9.34731
1.18 9.65198
1.19 9.96787
1.2 10.2954
1.21 10.6352
1.22 10.9876
1.23 11.3531
1.24 11.7325
1.25 12.1261
1.26 12.5346
1.27 12.9587
1.28 13.399
1.29 13.8562
1.3 14.3311
1.31 14.8242
1.32 15.3366
1.33 15.8689
1.34 16.422
1.35 16.9969
1.36 17.5944
1.37 18.2157
1.38 18.8616
1.39 19.5334
1.4 20.232
1.41 20.9588
1.42 21.715
1.43 22.5018
1.44 23.3207
1.45 24.173
1.46 25.0604
1.47 25.9843
1.48 26.9464
1.49 27.9484
1.5 28.9922
1.51 30.0797
1.52 31.2129
1.53 32.3938
1.54 33.6247
1.55 34.9079
1.56 36.2458
1.57 37.641
1.58 39.0961
1.59 40.614
1.6 42.1976
1.61 43.85
1.62 45.5745
1.63 47.3745
1.64 49.2536
1.65 51.2156
1.66 53.2644
1.67 55.4043
1.68 57.6396
1.69 59.975
1.7 62.4153
1.71 64.9657
1.72 67.6315
1.73 70.4184
1.74 73.3324
1.75 76.3797
1.76 79.567
1.77 82.9012
1.78 86.3897
1.79 90.0402
1.8 93.8607
1.81 97.86
1.82 102.047
1.83 106.431
1.84 111.023
1.85 115.832
1.86 120.87
1.87 126.149
1.88 131.681
1.89 137.48
1.9 143.558
1.91 149.931
1.92 156.614
1.93 163.623
1.94 170.976
1.95 178.69
1.96 186.784
1.97 195.279
1.98 204.196
1.99 213.558
2 223.388
2.01 233.711
2.02 244.554
2.03 255.945
2.04 267.914
2.05 280.491
2.06 293.712
2.07 307.609
2.08 322.221
2.09 337.587
2.1 353.749
2.11 370.749
2.12 388.636
2.13 407.459
2.14 427.269
2.15 448.122
2.16 470.077
2.17 493.195
2.18 517.543
2.19 543.19
2.2 570.211
2.21 598.682
2.22 628.689
2.23 660.318
2.24 693.663
2.25 728.824
2.26 765.904
2.27 805.017
2.28 846.28
2.29 889.819
2.3 935.767
2.31 984.266
2.32 1035.47
2.33 1089.53
2.34 1146.62
2.35 1206.92
2.36 1270.63
2.37 1337.94
2.38 1409.08
2.39 1484.27
2.4 1563.75
2.41 1647.8
2.42 1736.67
2.43 1830.68
2.44 1930.13
2.45 2035.35
2.46 2146.71
2.47 2264.57
2.48 2389.34
2.49 2521.45
2.5 2661.35
2.51 2809.54
2.52 2966.52
2.53 3132.85
2.54 3309.11
2.55 3495.94
2.56 3694
2.57 3904
2.58 4126.7
2.59 4362.92
2.6 4613.5
2.61 4879.39
2.62 5161.55
2.63 5461.05
2.64 5778.99
2.65 6116.59
2.66 6475.1
2.67 6855.91
2.68 7260.46
2.69 7690.31
2.7 8147.13
2.71 8632.69
2.72 9148.9
2.73 9697.79
2.74 10281.5
2.75 10902.4
2.76 11563
2.77 12265.9
2.78 13013.9
2.79 13810.2
2.8 14657.9
2.81 15560.5
2.82 16521.8
2.83 17545.9
2.84 18636.8
2.85 19799.4
2.86 21038.4
2.87 22359.1
2.88 23767.2
2.89 25268.7
2.9 26870.1
2.91 28578.5
2.92 30401.1
2.93 32346.1
2.94 34422
2.95 36638
2.96 39004
2.97 41530.7
2.98 44229.4
2.99 47112.4
3 50192.7
3.01 53484.6
3.02 57003.1
3.03 60764.6
3.04 64786.5
3.05 69087.7
3.06 73688.4
3.07 78610.4
3.08 83877.1
3.09 89513.5
3.1 95546.8
3.11 102006
3.12 108923
3.13 116330
3.14 124266
3.15 132767
3.16 141877
3.17 151641
3.18 162108
3.19 173330
3.2 185365
3.21 198272
3.22 212119
3.23 226976
3.24 242920
3.25 260034
3.26 278406
3.27 298133
3.28 319318
3.29 342075
3.3 366523
3.31 392793
3.32 421027
3.33 451376
3.34 484005
3.35 519092
3.36 556829
3.37 597424
3.38 641101
3.39 688102
3.4 738691
3.41 793151
3.42 851789
3.43 914937
3.44 982955
3.45 1.05623e+06
3.46 1.13519e+06
3.47 1.22028e+06
3.48 1.31201e+06
3.49 1.41089e+06
3.5 1.51753e+06
3.51 1.63253e+06
3.52 1.75659e+06
3.53 1.89044e+06
3.54 2.03487e+06
3.55 2.19077e+06
3.56 2.35906e+06
3.57 2.54076e+06
3.58 2.73699e+06
3.59 2.94894e+06
3.6 3.17791e+06
3.61 3.42532e+06
3.62 3.69271e+06
3.63 3.98173e+06
3.64 4.2942e+06
3.65 4.63208e+06
3.66 4.99751e+06
3.67 5.3928e+06
3.68 5.82048e+06
3.69 6.2833e+06
3.7 6.78422e+06
3.71 7.32648e+06
3.72 7.91362e+06
3.73 8.54945e+06
3.74 9.23815e+06
3.75 9.98426e+06
3.76 1.07927e+07
3.77 1.16689e+07
3.78 1.26186e+07
3.79 1.36482e+07
3.8 1.47648e+07
3.81 1.59757e+07
3.82 1.72893e+07
3.83 1.87145e+07
3.84 2.02612e+07
3.85 2.19399e+07
3.86 2.37622e+07
3.87 2.57409e+07
3.88 2.78898e+07
3.89 3.02239e+07
3.9 3.27597e+07
3.91 3.55151e+07
3.92 3.85097e+07
3.93 4.17649e+07
3.94 4.5304e+07
3.95 4.91525e+07
3.96 5.33383e+07
3.97 5.78917e+07
3.98 6.28461e+07
3.99 6.82376e+07
4 7.41061e+07
4.01 8.04948e+07
4.02 8.74513e+07
4.03 9.50273e+07
4.04 1.0328e+08
4.05 1.12271e+08
4.06 1.22068e+08
4.07 1.32746e+08
4.08 1.44385e+08
4.09 1.57076e+08
4.1 1.70916e+08
4.11 1.86011e+08
4.12 2.02479e+08
4.13 2.20447e+08
4.14 2.40057e+08
4.15 2.61461e+08
4.16 2.8483e+08
4.17 3.10347e+08
4.18 3.38216e+08
4.19 3.68659e+08
4.2 4.01921e+08
4.21 4.38269e+08
4.22 4.77996e+08
4.23 5.21427e+08
4.24 5.68914e+08
4.25 6.20846e+08
4.26 6.77651e+08
4.27 7.39797e+08
4.28 8.07799e+08
4.29 8.82224e+08
4.3 9.63693e+08
4.31 1.05289e+09
4.32 1.15057e+09
4.33 1.25755e+09
4.34 1.37475e+09
4.35 1.50316e+09
4.36 1.64389e+09
4.37 1.79815e+09
4.38 1.96726e+09
4.39 2.1527e+09
4.4 2.35607e+09
4.41 2.57916e+09
4.42 2.82393e+09
4.43 3.09252e+09
4.44 3.38732e+09
4.45 3.71095e+09
4.46 4.0663e+09
4.47 4.45653e+09
4.48 4.88517e+09
4.49 5.35609e+09
4.5 5.87354e+09
4.51 6.44224e+09
4.52 7.06738e+09
4.53 7.7547e+09
4.54 8.51052e+09
4.55 9.34183e+09
4.56 1.02564e+10
4.57 1.12626e+10
4.58 1.237e+10
4.59 1.35889e+10
4.6 1.49308e+10
4.61 1.64085e+10
4.62 1.80359e+10
4.63 1.98286e+10
4.64 2.18038e+10
4.65 2.39803e+10
4.66 2.63794e+10
4.67 2.9024e+10
4.68 3.19401e+10
4.69 3.51561e+10
4.7 3.87033e+10
4.71 4.26169e+10
4.72 4.69353e+10
4.73 5.17015e+10
4.74 5.69628e+10
4.75 6.27717e+10
4.76 6.91866e+10
4.77 7.6272e+10
4.78 8.40994e+10
4.79 9.27482e+10
4.8 1.02306e+11
4.81 1.12872e+11
4.82 1.24553e+11
4.83 1.37469e+11
4.84 1.51755e+11
4.85 1.67559e+11
4.86 1.85044e+11
4.87 2.04394e+11
4.88 2.25811e+11
4.89 2.49521e+11
4.9 2.75776e+11
4.91 3.04852e+11
4.92 3.3706e+11
4.93 3.72743e+11
4.94 4.12285e+11
4.95 4.56112e+11
4.96 5.04696e+11
4.97 5.58564e+11
4.98 6.18303e+11
4.99 6.84566e+11
5 7.58078e+11
5.01 8.39649e+11
5.02 9.3018e+11
5.03 1.03067e+12
5.04 1.14225e+12
5.05 1.26615e+12
5.06 1.40376e+12
5.07 1.55664e+12
5.08 1.72651e+12
5.09 1.91529e+12
5.1 2.12513e+12
5.11 2.35841e+12
5.12 2.61783e+12
5.13 2.90634e+12
5.14 3.22729e+12
5.15 3.58438e+12
5.16 3.98177e+12
5.17 4.42408e+12
5.18 4.91649e+12
5.19 5.46477e+12
5.2 6.0754e+12
5.21 6.75558e+12
5.22 7.51338e+12
5.23 8.35784e+12
5.24 9.29903e+12
5.25 1.03482e+13
5.26 1.15181e+13
5.27 1.28227e+13
5.28 1.42779e+13
5.29 1.59014e+13
5.3 1.77129e+13
5.31 1.97347e+13
5.32 2.19916e+13
5.33 2.45114e+13
5.34 2.73253e+13
5.35 3.04682e+13
5.36 3.39793e+13
5.37 3.79025e+13
5.38 4.22869e+13
5.39 4.71877e+13
5.4 5.26669e+13
5.41 5.87939e+13
5.42 6.56465e+13
5.43 7.33123e+13
5.44 8.18893e+13
5.45 9.14877e+13
5.46 1.02231e+14
5.47 1.14259e+14
5.48 1.27727e+14
5.49 1.4281e+14
5.5 1.59707e+14
5.51 1.78637e+14
5.52 1.9985e+14
5.53 2.23627e+14
5.54 2.50281e+14
5.55 2.80168e+14
5.56 3.13685e+14
5.57 3.51281e+14
5.58 3.9346e+14
5.59 4.40791e+14
5.6 4.93913e+14
5.61 5.53545e+14
5.62 6.20499e+14
5.63 6.95689e+14
5.64 7.80143e+14
5.65 8.75022e+14
5.66 9.81633e+14
5.67 1.10145e+15
5.68 1.23614e+15
5.69 1.38756e+15
5.7 1.55785e+15
5.71 1.74938e+15
5.72 1.96484e+15
5.73 2.20727e+15
5.74 2.4801e+15
5.75 2.78721e+15
5.76 3.13296e+15
5.77 3.5223e+15
5.78 3.9608e+15
5.79 4.45477e+15
5.8 5.01133e+15
5.81 5.63854e+15
5.82 6.3455e+15
5.83 7.1425e+15
5.84 8.04119e+15
5.85 9.05474e+15
5.86 1.0198e+16
5.87 1.1488e+16
5.88 1.29436e+16
5.89 1.45866e+16
5.9 1.64414e+16
5.91 1.85356e+16
5.92 2.09008e+16
5.93 2.35724e+16
5.94 2.65907e+16
5.95 3.00014e+16
5.96 3.38562e+16
5.97 3.82139e+16
5.98 4.3141e+16
5.99 4.8713e+16
6 5.50155e+16
6.01 6.21456e+16
6.02 7.02137e+16
6.03 7.93449e+16
6.04 8.96812e+16
6.05 1.01384e+17
6.06 1.14637e+17
6.07 1.29647e+17
6.08 1.46652e+17
6.09 1.6592e+17
6.1 1.87757e+17
6.11 2.1251e+17
6.12 2.40573e+17
6.13 2.72396e+17
6.14 3.0849e+17
6.15 3.49435e+17
6.16 3.95892e+17
6.17 4.48615e+17
6.18 5.08459e+17
6.19 5.76401e+17
6.2 6.53549e+17
6.21 7.4117e+17
6.22 8.40704e+17
6.23 9.53794e+17
6.24 1.08231e+18
6.25 1.22838e+18
6.26 1.39445e+18
6.27 1.58327e+18
6.28 1.79803e+18
6.29 2.04231e+18
6.3 2.32024e+18
6.31 2.63651e+18
6.32 2.99649e+18
6.33 3.40629e+18
6.34 3.8729e+18
6.35 4.4043e+18
6.36 5.00959e+18
6.37 5.69921e+18
6.38 6.48503e+18
6.39 7.38066e+18
6.4 8.40165e+18
6.41 9.56576e+18
6.42 1.08933e+19
6.43 1.24076e+19
6.44 1.41351e+19
6.45 1.61064e+19
6.46 1.83562e+19
6.47 2.09243e+19
6.48 2.38565e+19
6.49 2.7205e+19
6.5 3.10296e+19
6.51 3.53989e+19
6.52 4.03914e+19
6.53 4.60971e+19
6.54 5.26192e+19
6.55 6.0076e+19
6.56 6.8603e+19
6.57 7.83558e+19
6.58 8.95129e+19
6.59 1.02279e+20
6.6 1.16888e+20
6.61 1.33611e+20
6.62 1.52757e+20
6.63 1.7468e+20
6.64 1.9979e+20
6.65 2.28554e+20
6.66 2.61511e+20
6.67 2.99279e+20
6.68 3.4257e+20
6.69 3.92201e+20
6.7 4.4911e+20
6.71 5.14379e+20
6.72 5.8925e+20
6.73 6.75153e+20
6.74 7.73732e+20
6.75 8.86879e+20
6.76 1.01677e+21
6.77 1.16592e+21
6.78 1.33722e+21
6.79 1.53398e+21
6.8 1.76005e+21
6.81 2.01982e+21
6.82 2.3184e+21
6.83 2.66165e+21
6.84 3.05631e+21
6.85 3.5102e+21
6.86 4.03228e+21
6.87 4.63293e+21
6.88 5.32411e+21
6.89 6.11961e+21
6.9 7.03537e+21
6.91 8.08977e+21
6.92 9.30403e+21
6.93 1.07027e+22
6.94 1.2314e+22
6.95 1.41707e+22
6.96 1.63106e+22
6.97 1.87774e+22
6.98 2.16215e+22
6.99 2.49013e+22
7 2.86844e+22
7.01 3.30487e+22
7.02 3.80845e+22
7.03 4.38964e+22
7.04 5.06053e+22
7.05 5.8351e+22
7.06 6.72956e+22
7.07 7.76267e+22
7.08 8.95616e+22
7.09 1.03352e+23
7.1 1.19289e+23
7.11 1.37711e+23
7.12 1.5901e+23
7.13 1.83639e+23
7.14 2.12125e+23
7.15 2.45078e+23
7.16 2.83206e+23
7.17 3.27331e+23
7.18 3.78405e+23
7.19 4.37536e+23
7.2 5.06007e+23
7.21 5.85309e+23
7.22 6.77173e+23
7.23 7.83611e+23
7.24 9.06958e+23
7.25 1.04993e+24
7.26 1.21568e+24
7.27 1.40787e+24
7.28 1.63078e+24
7.29 1.88935e+24
7.3 2.18935e+24
7.31 2.53749e+24
7.32 2.94157e+24
7.33 3.41067e+24
7.34 3.95537e+24
7.35 4.58797e+24
7.36 5.32279e+24
7.37 6.17653e+24
7.38 7.16863e+24
7.39 8.32173e+24
7.4 9.66223e+24
7.41 1.12209e+25
7.42 1.30335e+25
7.43 1.5142e+25
7.44 1.75951e+25
7.45 2.04497e+25
7.46 2.3772e+25
7.47 2.76396e+25
7.48 3.21428e+25
7.49 3.73872e+25
7.5 4.34957e+25
7.51 5.06124e+25
7.52 5.89052e+25
7.53 6.85703e+25
7.54 7.98371e+25
7.55 9.29736e+25
7.56 1.08293e+26
7.57 1.26162e+26
7.58 1.47008e+26
7.59 1.71333e+26
7.6 1.99722e+26
7.61 2.32861e+26
7.62 2.71553e+26
7.63 3.16736e+26
7.64 3.69511e+26
7.65 4.31165e+26
7.66 5.03205e+26
7.67 5.87399e+26
7.68 6.85816e+26
7.69 8.00881e+26
7.7 9.35437e+26
7.71 1.09282e+27
7.72 1.27693e+27
7.73 1.49235e+27
7.74 1.74446e+27
7.75 2.03957e+27
7.76 2.38508e+27
7.77 2.78966e+27
7.78 3.26353e+27
7.79 3.81864e+27
7.8 4.46907e+27
7.81 5.23131e+27
7.82 6.12479e+27
7.83 7.17228e+27
7.84 8.40059e+27
7.85 9.8412e+27
7.86 1.15312e+28
7.87 1.3514e+28
7.88 1.58409e+28
7.89 1.85722e+28
7.9 2.17788e+28
7.91 2.5544e+28
7.92 2.99662e+28
7.93 3.51608e+28
7.94 4.12642e+28
7.95 4.84366e+28
7.96 5.68669e+28
7.97 6.67778e+28
7.98 7.84316e+28
7.99 9.21374e+28
8 1.0826e+29
8.01 1.27229e+29
8.02 1.49551e+29
8.03 1.75824e+29
8.04 2.06754e+29
8.05 2.43173e+29
8.06 2.86064e+29
8.07 3.36588e+29
8.08 3.96113e+29
8.09 4.66258e+29
8.1 5.48932e+29
8.11 6.46395e+29
8.12 7.61314e+29
8.13 8.96841e+29
8.14 1.0567e+30
8.15 1.24531e+30
8.16 1.46787e+30
8.17 1.73055e+30
8.18 2.04064e+30
8.19 2.40677e+30
8.2 2.83916e+30
8.21 3.3499e+30
8.22 3.9533e+30
8.23 4.66631e+30
8.24 5.50901e+30
8.25 6.50518e+30
8.26 7.68302e+30
8.27 9.07592e+30
8.28 1.07235e+31
8.29 1.26726e+31
8.3 1.4979e+31
8.31 1.77087e+31
8.32 2.094e+31
8.33 2.47658e+31
8.34 2.92965e+31
8.35 3.46628e+31
8.36 4.10203e+31
8.37 4.85534e+31
8.38 5.74813e+31
8.39 6.80644e+31
8.4 8.06121e+31
8.41 9.54918e+31
8.42 1.13141e+32
8.43 1.34078e+32
8.44 1.58921e+32
8.45 1.88405e+32
8.46 2.23403e+32
8.47 2.64955e+32
8.48 3.14299e+32
8.49 3.72905e+32
8.5 4.42528e+32
8.51 5.25254e+32
8.52 6.23568e+32
8.53 7.40432e+32
8.54 8.79371e+32
8.55 1.04459e+33
8.56 1.2411e+33
8.57 1.47486e+33
8.58 1.75301e+33
8.59 2.08402e+33
8.6 2.47804e+33
8.61 2.94713e+33
8.62 3.50571e+33
8.63 4.171e+33
8.64 4.96352e+33
8.65 5.90781e+33
8.66 7.03313e+33
8.67 8.37447e+33
8.68 9.97362e+33
8.69 1.18805e+34
8.7 1.41547e+34
8.71 1.68677e+34
8.72 2.01046e+34
8.73 2.39675e+34
8.74 2.85782e+34
8.75 3.40827e+34
8.76 4.06556e+34
8.77 4.85056e+34
8.78 5.78828e+34
8.79 6.90866e+34
8.8 8.24754e+34
8.81 9.84785e+34
8.82 1.1761e+35
8.83 1.40486e+35
8.84 1.67846e+35
8.85 2.00573e+35
8.86 2.39729e+35
8.87 2.86586e+35
8.88 3.4267e+35
8.89 4.09811e+35
8.9 4.90205e+35
8.91 5.86486e+35
8.92 7.01817e+35
8.93 8.39995e+35
8.94 1.00558e+36
8.95 1.20404e+36
8.96 1.44196e+36
8.97 1.72723e+36
8.98 2.06935e+36
8.99 2.47973e+36
9 2.97209e+36
9.01 3.56291e+36
9.02 4.27203e+36
9.03 5.12331e+36
9.04 6.14543e+36
9.05 7.37294e+36
9.06 8.8474e+36
9.07 1.06188e+37
9.08 1.27475e+37
9.09 1.53059e+37
9.1 1.83814e+37
9.11 2.20793e+37
9.12 2.65264e+37
9.13 3.18755e+37
9.14 3.83109e+37
9.15 4.60547e+37
9.16 5.53748e+37
9.17 6.65943e+37
9.18 8.01028e+37
9.19 9.63707e+37
9.2 1.15965e+38
9.21 1.39572e+38
9.22 1.68018e+38
9.23 2.02301e+38
9.24 2.43628e+38
9.25 2.93455e+38
9.26 3.53544e+38
9.27 4.26021e+38
9.28 5.13459e+38
9.29 6.18966e+38
9.3 7.46301e+38
9.31 9.0001e+38
9.32 1.08559e+39
9.33 1.3097e+39
9.34 1.5804e+39
9.35 1.90741e+39
9.36 2.30255e+39
9.37 2.78011e+39
9.38 3.35737e+39
9.39 4.05531e+39
9.4 4.89931e+39
9.41 5.92014e+39
9.42 7.15509e+39
9.43 8.64938e+39
9.44 1.04578e+40
9.45 1.26469e+40
9.46 1.52972e+40
9.47 1.85067e+40
9.48 2.23939e+40
9.49 2.7103e+40
9.5 3.2809e+40
9.51 3.9724e+40
9.52 4.81062e+40
9.53 5.82686e+40
9.54 7.05918e+40
9.55 8.55383e+40
9.56 1.0367e+41
9.57 1.2567e+41
9.58 1.5237e+41
9.59 1.84778e+41
9.6 2.24124e+41
9.61 2.71902e+41
9.62 3.29932e+41
9.63 4.00425e+41
9.64 4.86078e+41
9.65 5.90168e+41
9.66 7.16692e+41
9.67 8.70514e+41
9.68 1.05756e+42
9.69 1.28505e+42
9.7 1.56179e+42
9.71 1.89851e+42
9.72 2.30827e+42
9.73 2.80704e+42
9.74 3.41426e+42
9.75 4.15366e+42
9.76 5.05418e+42
9.77 6.15118e+42
9.78 7.48776e+42
9.79 9.11657e+42
9.8 1.11019e+43
9.81 1.35223e+43
9.82 1.64736e+43
9.83 2.00731e+43
9.84 2.4464e+43
9.85 2.98212e+43
9.86 3.63589e+43
9.87 4.43385e+43
9.88 5.40803e+43
9.89 6.59755e+43
9.9 8.05033e+43
9.91 9.82495e+43
9.92 1.19932e+44
9.93 1.46428e+44
9.94 1.78813e+44
9.95 2.18405e+44
9.96 2.66815e+44
9.97 3.26021e+44
9.98 3.98445e+44
9.99 4.87053e+44
10 5.95485e+44
10.01 7.28202e+44
10.02 8.90675e+44
10.03 1.08962e+45
10.04 1.33326e+45
10.05 1.6317e+45
10.06 1.99735e+45
10.07 2.44542e+45
10.08 2.9946e+45
10.09 3.66785e+45
10.1 4.49335e+45
10.11 5.50575e+45
10.12 6.74758e+45
10.13 8.27115e+45
10.14 1.01408e+46
10.15 1.24355e+46
10.16 1.52524e+46
10.17 1.87113e+46
10.18 2.29591e+46
10.19 2.81767e+46
10.2 3.45871e+46
10.21 4.24643e+46
10.22 5.21459e+46
10.23 6.40476e+46
10.24 7.86814e+46
10.25 9.6678e+46
10.26 1.18815e+47
10.27 1.46049e+47
10.28 1.79561e+47
10.29 2.20808e+47
10.3 2.71583e+47
10.31 3.341e+47
10.32 4.1109e+47
10.33 5.05923e+47
10.34 6.22756e+47
10.35 7.66722e+47
10.36 9.44157e+47
10.37 1.16289e+48
10.38 1.43257e+48
10.39 1.76515e+48
10.4 2.17538e+48
10.41 2.68147e+48
10.42 3.30597e+48
10.43 4.07672e+48
10.44 5.02816e+48
10.45 6.20288e+48
10.46 7.65358e+48
10.47 9.44544e+48
10.48 1.16591e+49
10.49 1.43945e+49
10.5 1.77752e+49
10.51 2.19542e+49
10.52 2.71211e+49
10.53 3.35107e+49
10.54 4.14139e+49
10.55 5.11912e+49
10.56 6.32895e+49
10.57 7.82625e+49
10.58 9.67971e+49
10.59 1.19745e+50
10.6 1.48163e+50
10.61 1.83361e+50
10.62 2.26967e+50
10.63 2.80998e+50
10.64 3.47961e+50
10.65 4.30968e+50
10.66 5.33882e+50
10.67 6.61504e+50
10.68 8.19796e+50
10.69 1.01617e+51
10.7 1.25983e+51
10.71 1.56223e+51
10.72 1.9376e+51
10.73 2.40365e+51
10.74 2.98238e+51
10.75 3.70119e+51
10.76 4.59417e+51
10.77 5.70373e+51
10.78 7.08267e+51
10.79 8.79675e+51
10.8 1.09278e+52
10.81 1.35779e+52
10.82 1.68739e+52
10.83 2.09742e+52
10.84 2.60761e+52
10.85 3.24255e+52
10.86 4.0329e+52
10.87 5.01689e+52
10.88 6.2422e+52
10.89 7.76832e+52
10.9 9.66948e+52
10.91 1.20383e+53
10.92 1.49905e+53
10.93 1.86703e+53
10.94 2.3258e+53
10.95 2.89789e+53
10.96 3.61141e+53
10.97 4.50151e+53
10.98 5.61212e+53
10.99 6.99812e+53
11 8.72816e+53
11.01 1.08881e+54
11.02 1.35852e+54
11.03 1.69537e+54
11.04 2.11618e+54
11.05 2.64196e+54
11.06 3.29903e+54
11.07 4.12034e+54
11.08 5.14714e+54
11.09 6.43111e+54
11.1 8.03697e+54
11.11 1.00458e+55
11.12 1.25593e+55
11.13 1.57047e+55
11.14 1.96418e+55
11.15 2.45709e+55
11.16 3.0743e+55
11.17 3.84732e+55
11.18 4.81567e+55
11.19 6.02895e+55
11.2 7.54941e+55
11.21 9.4552e+55
11.22 1.18445e+56
11.23 1.48404e+56
11.24 1.85979e+56
11.25 2.33113e+56
11.26 2.92252e+56
11.27 3.66467e+56
11.28 4.59619e+56
11.29 5.76565e+56
11.3 7.2341e+56
11.31 9.07837e+56
11.32 1.13951e+57
11.33 1.43058e+57
11.34 1.79637e+57
11.35 2.25613e+57
11.36 2.83414e+57
11.37 3.56093e+57
11.38 4.47498e+57
11.39 5.6248e+57
11.4 7.07145e+57
11.41 8.89195e+57
11.42 1.11833e+58
11.43 1.4068e+58
11.44 1.77003e+58
11.45 2.22749e+58
11.46 2.80373e+58
11.47 3.52975e+58
11.48 4.44465e+58
11.49 5.59781e+58
11.5 7.05156e+58
11.51 8.88462e+58
11.52 1.11964e+59
11.53 1.41125e+59
11.54 1.77917e+59
11.55 2.24346e+59
11.56 2.82947e+59
11.57 3.56925e+59
11.58 4.50336e+59
11.59 5.68306e+59
11.6 7.17323e+59
11.61 9.05595e+59
11.62 1.14351e+60
11.63 1.44421e+60
11.64 1.82436e+60
11.65 2.30502e+60
11.66 2.91291e+60
11.67 3.68184e+60
11.68 4.65468e+60
11.69 5.88573e+60
11.7 7.44386e+60
11.71 9.41635e+60
11.72 1.19139e+61
11.73 1.50769e+61
11.74 1.90834e+61
11.75 2.41594e+61
11.76 3.05916e+61
11.77 3.87442e+61
11.78 4.90791e+61
11.79 6.21832e+61
11.8 7.88018e+61
11.81 9.98818e+61
11.82 1.26626e+62
11.83 1.60563e+62
11.84 2.03636e+62
11.85 2.58316e+62
11.86 3.27743e+62
11.87 4.15913e+62
11.88 5.27908e+62
11.89 6.70194e+62
11.9 8.50999e+62
11.91 1.0808e+63
11.92 1.37292e+63
11.93 1.74435e+63
11.94 2.21671e+63
11.95 2.81755e+63
11.96 3.58195e+63
11.97 4.55464e+63
11.98 5.79262e+63
11.99 7.36857e+63
12 9.37513e+63
12.01 1.19305e+64
12.02 1.51854e+64
12.03 1.93321e+64
12.04 2.46162e+64
12.05 3.13507e+64
12.06 3.99357e+64
12.07 5.08817e+64
12.08 6.48408e+64
12.09 8.26459e+64
12.1 1.05361e+65
12.11 1.34347e+65
12.12 1.71341e+65
12.13 2.18565e+65
12.14 2.7886e+65
12.15 3.5586e+65
12.16 4.54212e+65
12.17 5.79862e+65
12.18 7.40418e+65
12.19 9.45619e+65
12.2 1.20793e+66
12.21 1.54331e+66
12.22 1.97221e+66
12.23 2.5208e+66
12.24 3.22263e+66
12.25 4.12067e+66
12.26 5.27003e+66
12.27 6.74132e+66
12.28 8.62508e+66
12.29 1.10374e+67
12.3 1.41273e+67
12.31 1.80858e+67
12.32 2.3158e+67
12.33 2.96587e+67
12.34 3.79918e+67
12.35 4.86759e+67
12.36 6.23771e+67
12.37 7.99507e+67
12.38 1.02496e+68
12.39 1.31425e+68
12.4 1.68552e+68
12.41 2.16211e+68
12.42 2.77401e+68
12.43 3.55979e+68
12.44 4.56907e+68
12.45 5.86567e+68
12.46 7.53172e+68
12.47 9.67292e+68
12.48 1.24253e+69
12.49 1.59641e+69
12.5 2.05148e+69
12.51 2.63679e+69
12.52 3.38978e+69
12.53 4.35867e+69
12.54 5.60562e+69
12.55 7.21073e+69
12.56 9.2773e+69
12.57 1.19385e+70
12.58 1.53662e+70
12.59 1.97819e+70
12.6 2.54716e+70
12.61 3.28044e+70
12.62 4.22566e+70
12.63 5.44431e+70
12.64 7.01581e+70
12.65 9.04273e+70
12.66 1.16576e+71
12.67 1.50315e+71
12.68 1.93858e+71
12.69 2.50064e+71
12.7 3.22631e+71
12.71 4.1634e+71
12.72 5.37373e+71
12.73 6.93729e+71
12.74 8.95758e+71
12.75 1.15685e+72
12.76 1.49435e+72
12.77 1.93069e+72
12.78 2.49494e+72
12.79 3.22474e+72
12.8 4.16884e+72
12.81 5.39042e+72
12.82 6.97133e+72
12.83 9.01771e+72
12.84 1.16671e+73
12.85 1.50979e+73
12.86 1.95415e+73
12.87 2.52978e+73
12.88 3.27564e+73
12.89 4.24225e+73
12.9 5.4952e+73
12.91 7.11961e+73
12.92 9.22605e+73
12.93 1.19581e+74
12.94 1.55023e+74
12.95 2.01009e+74
12.96 2.60688e+74
12.97 3.38153e+74
12.98 4.38725e+74
12.99 5.69323e+74
13 7.38944e+74
13.01 9.59291e+74
13.02 1.24559e+75
13.03 1.61766e+75
13.04 2.1013e+75
13.05 2.73006e+75
13.06 3.54769e+75
13.07 4.61109e+75
13.08 5.99445e+75
13.09 7.79437e+75
13.1 1.01368e+76
13.11 1.31858e+76
13.12 1.71552e+76
13.13 2.23242e+76
13.14 2.90563e+76
13.15 3.78261e+76
13.16 4.92527e+76
13.17 6.41438e+76
13.18 8.35538e+76
13.19 1.08859e+77
13.2 1.41856e+77
13.21 1.84893e+77
13.22 2.41034e+77
13.23 3.14284e+77
13.24 4.09877e+77
13.25 5.34652e+77
13.26 6.97551e+77
13.27 9.10263e+77
13.28 1.18808e+78
13.29 1.55099e+78
13.3 2.02516e+78
13.31 2.64482e+78
13.32 3.45478e+78
13.33 4.51369e+78
13.34 5.89832e+78
13.35 7.70926e+78
13.36 1.00782e+79
13.37 1.31777e+79
13.38 1.72339e+79
13.39 2.25431e+79
13.4 2.94938e+79
13.41 3.85953e+79
13.42 5.05155e+79
13.43 6.61305e+79
13.44 8.65895e+79
13.45 1.13401e+80
13.46 1.48543e+80
13.47 1.94614e+80
13.48 2.55026e+80
13.49 3.34258e+80
13.5 4.38192e+80
13.51 5.74559e+80
13.52 7.53513e+80
13.53 9.88403e+80
13.54 1.29677e+81
13.55 1.70169e+81
13.56 2.23348e+81
13.57 2.93206e+81
13.58 3.84989e+81
13.59 5.05605e+81
13.6 6.64142e+81
13.61 8.72563e+81
13.62 1.14662e+82
13.63 1.50705e+82
13.64 1.98118e+82
13.65 2.605e+82
13.66 3.42591e+82
13.67 4.50642e+82
13.68 5.9289e+82
13.69 7.80195e+82
13.7 1.02688e+83
13.71 1.35183e+83
13.72 1.77996e+83
13.73 2.34415e+83
13.74 3.08779e+83
13.75 4.06815e+83
13.76 5.36083e+83
13.77 7.06569e+83
13.78 9.31458e+83
13.79 1.22817e+84
13.8 1.61972e+84
13.81 2.13653e+84
13.82 2.8188e+84
13.83 3.71969e+84
13.84 4.90947e+84
13.85 6.48112e+84
13.86 8.55759e+84
13.87 1.13016e+85
13.88 1.49285e+85
13.89 1.97232e+85
13.9 2.6063e+85
13.91 3.44477e+85
13.92 4.55388e+85
13.93 6.02129e+85
13.94 7.96315e+85
13.95 1.05333e+86
13.96 1.39359e+86
13.97 1.84412e+86
13.98 2.44079e+86
13.99 3.23116e+86
14 4.27832e+86
14.01 5.66597e+86
14.02 7.50521e+86
14.03 9.94345e+86
14.04 1.31765e+87
14.05 1.74641e+87
14.06 2.31516e+87
14.07 3.06974e+87
14.08 4.07108e+87
14.09 5.40013e+87
14.1 7.16449e+87
14.11 9.50721e+87
14.12 1.26185e+88
14.13 1.67513e+88
14.14 2.22421e+88
14.15 2.95386e+88
14.16 3.92366e+88
14.17 5.2129e+88
14.18 6.92713e+88
14.19 9.20692e+88
14.2 1.22394e+89
14.21 1.62741e+89
14.22 2.1643e+89
14.23 2.87888e+89
14.24 3.83017e+89
14.25 5.09682e+89
14.26 6.7837e+89
14.27 9.03068e+89
14.28 1.20243e+90
14.29 1.60136e+90
14.3 2.13306e+90
14.31 2.84186e+90
14.32 3.78696e+90
14.33 5.04736e+90
14.34 6.7286e+90
14.35 8.97165e+90
14.36 1.19648e+91
14.37 1.59598e+91
14.38 2.12928e+91
14.39 2.84137e+91
14.4 3.79235e+91
14.41 5.06262e+91
14.42 6.75972e+91
14.43 9.02754e+91
14.44 1.20586e+92
14.45 1.61105e+92
14.46 2.15283e+92
14.47 2.87738e+92
14.48 3.84655e+92
14.49 5.14318e+92
14.5 6.87826e+92
14.51 9.20052e+92
14.52 1.23093e+93
14.53 1.64717e+93
14.54 2.20462e+93
14.55 2.9513e+93
14.56 3.95167e+93
14.57 5.29217e+93
14.58 7.08883e+93
14.59 9.49733e+93
14.6 1.27267e+94
14.61 1.70575e+94
14.62 2.28666e+94
14.63 3.06602e+94
14.64 4.11184e+94
14.65 5.51547e+94
14.66 7.39973e+94
14.67 9.9297e+94
14.68 1.33273e+95
14.69 1.78911e+95
14.7 2.40224e+95
14.71 3.22614e+95
14.72 4.33348e+95
14.73 5.82207e+95
14.74 7.82355e+95
14.75 1.05152e+96
14.76 1.41357e+96
14.77 1.90066e+96
14.78 2.5561e+96
14.79 3.43825e+96
14.8 4.62577e+96
14.81 6.22469e+96
14.82 8.37795e+96
14.83 1.12783e+97
14.84 1.51858e+97
14.85 2.04512e+97
14.86 2.75477e+97
14.87 3.7114e+97
14.88 5.00125e+97
14.89 6.7407e+97
14.9 9.08695e+97
14.91 1.22523e+98
14.92 1.65236e+98
14.93 2.22884e+98
14.94 3.00704e+98
14.95 4.05775e+98
14.96 5.4767e+98
14.97 7.39331e+98
14.98 9.98264e+98
14.99 1.34815e+99
15 1.82104e+99
15.01 2.46029e+99
15.02 3.3246e+99
15.03 4.49344e+99
15.04 6.07443e+99
15.05 8.21333e+99
15.06 1.11076e+100
15.07 1.50247e+100
15.08 2.03273e+100
15.09 2.75067e+100
15.1 3.72294e+100
15.11 5.03987e+100
15.12 6.82401e+100
15.13 9.24158e+100
15.14 1.25181e+101
15.15 1.69598e+101
15.16 2.29819e+101
15.17 3.11487e+101
15.18 4.2226e+101
15.19 5.72541e+101
15.2 7.76462e+101
15.21 1.05322e+102
15.22 1.42892e+102
15.23 1.93901e+102
15.24 2.63173e+102
15.25 3.57262e+102
15.26 4.85088e+102
15.27 6.58781e+102
15.28 8.94845e+102
15.29 1.21574e+103
15.3 1.65204e+103
15.31 2.24537e+103
15.32 3.0524e+103
15.33 4.15033e+103
15.34 5.64429e+103
15.35 7.67755e+103
15.36 1.04453e+104
15.37 1.42138e+104
15.38 1.93456e+104
15.39 2.63356e+104
15.4 3.58584e+104
15.41 4.88342e+104
15.42 6.65188e+104
15.43 9.06257e+104
15.44 1.23494e+105
15.45 1.68316e+105
15.46 2.29452e+105
15.47 3.12857e+105
15.48 4.26664e+105
15.49 5.81987e+105
15.5 7.94012e+105
15.51 1.0835e+106
15.52 1.47882e+106
15.53 2.01878e+106
15.54 2.75644e+106
15.55 3.7644e+106
15.56 5.14197e+106
15.57 7.02506e+106
15.58 9.59969e+106
15.59 1.31205e+107
15.6 1.79363e+107
15.61 2.45244e+107
15.62 3.35392e+107
15.63 4.58768e+107
15.64 6.27655e+107
15.65 8.58884e+107
15.66 1.17553e+108
15.67 1.60925e+108
15.68 2.20342e+108
15.69 3.01757e+108
15.7 4.13337e+108
15.71 5.6629e+108
15.72 7.75996e+108
15.73 1.06357e+109
15.74 1.45801e+109
15.75 1.99913e+109
15.76 2.74163e+109
15.77 3.76065e+109
15.78 5.15946e+109
15.79 7.07997e+109
15.8 9.7173e+109
15.81 1.33397e+110
15.82 1.83162e+110
15.83 2.51541e+110
15.84 3.45517e+110
15.85 4.74698e+110
15.86 6.52306e+110
15.87 8.96546e+110
15.88 1.23248e+111
15.89 1.69463e+111
15.9 2.33054e+111
15.91 3.2057e+111
15.92 4.4104e+111
15.93 6.06903e+111
15.94 8.35309e+111
15.95 1.1499e+112
15.96 1.5833e+112
15.97 2.18047e+112
15.98 3.00348e+112
15.99 4.13796e+112
16 5.70209e+112
16.01 7.85903e+112
16.02 1.0834e+113
16.03 1.49382e+113
16.04 2.06012e+113
16.05 2.84168e+113
16.06 3.92051e+113
16.07 5.41e+113
16.08 7.46688e+113
16.09 1.03078e+114
16.1 1.42325e+114
16.11 1.96555e+114
16.12 2.71501e+114
16.13 3.751e+114
16.14 5.18333e+114
16.15 7.16403e+114
16.16 9.90358e+114
16.17 1.36935e+115
16.18 1.89375e+115
16.19 2.61949e+115
16.2 3.62409e+115
16.21 5.01497e+115
16.22 6.94102e+115
16.23 9.60871e+115
16.24 1.33044e+116
16.25 1.84251e+116
16.26 2.55218e+116
16.27 3.5359e+116
16.28 4.89976e+116
16.29 6.79105e+116
16.3 9.41426e+116
16.31 1.30533e+117
16.32 1.81027e+117
16.33 2.51103e+117
16.34 3.48376e+117
16.35 4.83426e+117
16.36 6.70964e+117
16.37 9.3144e+117
16.38 1.29329e+118
16.39 1.79608e+118
16.4 2.49484e+118
16.41 3.46613e+118
16.42 4.81653e+118
16.43 6.69437e+118
16.44 9.3062e+118
16.45 1.29396e+119
16.46 1.79952e+119
16.47 2.50311e+119
16.48 3.48249e+119
16.49 4.84603e+119
16.5 6.74479e+119
16.51 9.3894e+119
16.52 1.30736e+120
16.53 1.82069e+120
16.54 2.5361e+120
16.55 3.53332e+120
16.56 4.92364e+120
16.57 6.86239e+120
16.58 9.56648e+120
16.59 1.33387e+121
16.6 1.86022e+121
16.61 2.59478e+121
16.62 3.62013e+121
16.63 5.05166e+121
16.64 7.05068e+121
16.65 9.8427e+121
16.66 1.37431e+122
16.67 1.91929e+122
16.68 2.68092e+122
16.69 3.74554e+122
16.7 5.23397e+122
16.71 7.31535e+122
16.72 1.02265e+123
16.73 1.42989e+123
16.74 1.9997e+123
16.75 2.79715e+123
16.76 3.91339e+123
16.77 5.47617e+123
16.78 7.66456e+123
16.79 1.07296e+124
16.8 1.50234e+124
16.81 2.10397e+124
16.82 2.94711e+124
16.83 4.12896e+124
16.84 5.7859e+124
16.85 8.1094e+124
16.86 1.13682e+125
16.87 1.59398e+125
16.88 2.23543e+125
16.89 3.13563e+125
16.9 4.39923e+125
16.91 6.17325e+125
16.92 8.66439e+125
16.93 1.21632e+126
16.94 1.70784e+126
16.95 2.39846e+126
16.96 3.36901e+126
16.97 4.73326e+126
16.98 6.65128e+126
16.99 9.34839e+126
17 1.31418e+127
17.01 1.84782e+127
17.02 2.59867e+127
17.03 3.65535e+127
17.04 5.14273e+127
17.05 7.23678e+127
17.06 1.01855e+128
17.07 1.43387e+128
17.08 2.01893e+128
17.09 2.84328e+128
17.1 4.00502e+128
17.11 5.64256e+128
17.12 7.95124e+128
17.13 1.12068e+129
17.14 1.57984e+129
17.15 2.22757e+129
17.16 3.14149e+129
17.17 4.43127e+129
17.18 6.25183e+129
17.19 8.82212e+129
17.2 1.24516e+130
17.21 1.75778e+130
17.22 2.48193e+130
17.23 3.50511e+130
17.24 4.9511e+130
17.25 6.99499e+130
17.26 9.88461e+130
17.27 1.39707e+131
17.28 1.97499e+131
17.29 2.79253e+131
17.3 3.94927e+131
17.31 5.58629e+131
17.32 7.90344e+131
17.33 1.1184e+132
17.34 1.58293e+132
17.35 2.24086e+132
17.36 3.17289e+132
17.37 4.49346e+132
17.38 6.36494e+132
17.39 9.01767e+132
17.4 1.27785e+133
17.41 1.81115e+133
17.42 2.56752e+133
17.43 3.6405e+133
17.44 5.16291e+133
17.45 7.32343e+133
17.46 1.03901e+134
17.47 1.4744e+134
17.48 2.09264e+134
17.49 2.97072e+134
17.5 4.21809e+134
17.51 5.99041e+134
17.52 8.5091e+134
17.53 1.20892e+135
17.54 1.7179e+135
17.55 2.44166e+135
17.56 3.47104e+135
17.57 4.93538e+135
17.58 7.01889e+135
17.59 9.98395e+135
17.6 1.42044e+136
17.61 2.0213e+136
17.62 2.8769e+136
17.63 4.0955e+136
17.64 5.83142e+136
17.65 8.3048e+136
17.66 1.18296e+137
17.67 1.68538e+137
17.68 2.40167e+137
17.69 3.42306e+137
17.7 4.87981e+137
17.71 6.95789e+137
17.72 9.92291e+137
17.73 1.41543e+138
17.74 2.0194e+138
17.75 2.88167e+138
17.76 4.11294e+138
17.77 5.87149e+138
17.78 8.38359e+138
17.79 1.19729e+139
17.8 1.71023e+139
17.81 2.44341e+139
17.82 3.4916e+139
17.83 4.99046e+139
17.84 7.13416e+139
17.85 1.02007e+140
17.86 1.45884e+140
17.87 2.08675e+140
17.88 2.98551e+140
17.89 4.27223e+140
17.9 6.11474e+140
17.91 8.75361e+140
17.92 1.25338e+141
17.93 1.79501e+141
17.94 2.5712e+141
17.95 3.68376e+141
17.96 5.27879e+141
17.97 7.56597e+141
17.98 1.08463e+142
17.99 1.55519e+142
18 2.23035e+142
18.01 3.19927e+142
18.02 4.59001e+142
18.03 6.58664e+142
18.04 9.45368e+142
18.05 1.35714e+143
18.06 1.94865e+143
18.07 2.79854e+143
18.08 4.0199e+143
18.09 5.77545e+143
18.1 8.29933e+143
18.11 1.19285e+144
18.12 1.71482e+144
18.13 2.46567e+144
18.14 3.546e+144
18.15 5.1007e+144
18.16 7.3385e+144
18.17 1.05602e+145
18.18 1.51993e+145
18.19 2.18806e+145
18.2 3.15054e+145
18.21 4.53728e+145
18.22 6.53572e+145
18.23 9.41625e+145
18.24 1.35691e+146
18.25 1.95572e+146
18.26 2.81937e+146
18.27 4.06522e+146
18.28 5.86276e+146
18.29 8.45682e+146
18.3 1.22011e+147
18.31 1.76067e+147
18.32 2.54122e+147
18.33 3.66855e+147
18.34 5.29704e+147
18.35 7.64995e+147
18.36 1.10502e+148
18.37 1.5965e+148
18.38 2.30704e+148
18.39 3.33448e+148
18.4 4.82044e+148
18.41 6.96999e+148
18.42 1.00801e+149
18.43 1.45809e+149
18.44 2.10955e+149
18.45 3.05269e+149
18.46 4.41837e+149
18.47 6.3963e+149
18.48 9.2615e+149
18.49 1.34129e+150
18.5 1.94289e+150
18.51 2.81488e+150
18.52 4.07906e+150
18.53 5.91217e+150
18.54 8.57078e+150
18.55 1.24274e+151
18.56 1.8023e+151
18.57 2.61433e+151
18.58 3.79298e+151
18.59 5.50412e+151
18.6 7.9888e+151
18.61 1.15974e+152
18.62 1.68395e+152
18.63 2.44559e+152
18.64 3.55242e+152
18.65 5.16121e+152
18.66 7.50007e+152
18.67 1.0901e+153
18.68 1.58473e+153
18.69 2.30424e+153
18.7 3.35112e+153
18.71 4.87458e+153
18.72 7.09205e+153
18.73 1.03203e+154
18.74 1.50211e+154
18.75 2.18673e+154
18.76 3.18403e+154
18.77 4.63709e+154
18.78 6.75461e+154
18.79 9.84107e+154
18.8 1.43407e+155
18.81 2.09019e+155
18.82 3.04711e+155
18.83 4.443e+155
18.84 6.47966e+155
18.85 9.45179e+155
18.86 1.379e+156
18.87 2.01233e+156
18.88 2.93711e+156
18.89 4.28776e+156
18.9 6.26074e+156
18.91 9.14341e+156
18.92 1.3356e+157
18.93 1.95134e+157
18.94 2.85152e+157
18.95 4.16779e+157
18.96 6.09288e+157
18.97 8.90892e+157
18.98 1.30291e+158
18.99 1.90586e+158
19 2.7884e+158
19.01 4.08042e+158
19.02 5.9723e+158
19.03 8.74309e+158
19.04 1.28019e+159
19.05 1.87487e+159
19.06 2.74635e+159
19.07 4.0237e+159
19.08 5.89635e+159
19.09 8.64225e+159
19.1 1.26694e+160
19.11 1.8577e+160
19.12 2.72445e+160
19.13 3.99641e+160
19.14 5.86337e+160
19.15 8.60423e+160
19.16 1.26288e+161
19.17 1.85396e+161
19.18 2.72223e+161
19.19 3.99794e+161
19.2 5.87266e+161
19.21 8.62819e+161
19.22 1.26792e+162
19.23 1.86359e+162
19.24 2.73965e+162
19.25 4.02834e+162
19.26 5.9244e+162
19.27 8.71465e+162
19.28 1.28216e+163
19.29 1.88678e+163
19.3 2.77707e+163
19.31 4.08826e+163
19.32 6.01973e+163
19.33 8.8655e+163
19.34 1.30592e+164
19.35 1.92404e+164
19.36 2.83531e+164
19.37 4.17901e+164
19.38 6.16074e+164
19.39 9.08404e+164
19.4 1.33971e+165
19.41 1.9762e+165
19.42 2.91567e+165
19.43 4.3026e+165
19.44 6.35055e+165
19.45 9.37514e+165
19.46 1.3843e+166
19.47 2.04443e+166
19.48 3.01994e+166
19.49 4.46182e+166
19.5 6.59344e+166
19.51 9.74539e+166
19.52 1.4407e+167
19.53 2.13027e+167
19.54 3.15051e+167
19.55 4.66031e+167
19.56 6.89503e+167
19.57 1.02034e+168
19.58 1.51021e+168
19.59 2.23573e+168
19.6 3.31045e+168
19.61 4.90277e+168
19.62 7.26245e+168
19.63 1.076e+169
19.64 1.5945e+169
19.65 2.36335e+169
19.66 3.50361e+169
19.67 5.19506e+169
19.68 7.70464e+169
19.69 1.14288e+170
19.7 1.69565e+170
19.71 2.51628e+170
19.72 3.7348e+170
19.73 5.54451e+170
19.74 8.23276e+170
19.75 1.22268e+171
19.76 1.81623e+171
19.77 2.69844e+171
19.78 4.00998e+171
19.79 5.96016e+171
19.8 8.86056e+171
19.81 1.3175e+172
19.82 1.95942e+172
19.83 2.91467e+172
19.84 4.3365e+172
19.85 6.45322e+172
19.86 9.60505e+172
19.87 1.42991e+173
19.88 2.12915e+173
19.89 3.17095e+173
19.9 4.72346e+173
19.91 7.03748e+173
19.92 1.04872e+174
19.93 1.56312e+174
19.94 2.33029e+174
19.95 3.47467e+174
19.96 5.18208e+174
19.97 7.73004e+174
19.98 1.15331e+175
19.99 1.72106e+175
20 2.56883e+175
